1 1.000000000000E+00
4 4.967600437878E-01
7 2.286878169948E-01
10 1.452494116534E-01
13 9.232818014690E-02
16 7.406323495199E-02
19 5.754748934536E-02
22 4.714260055897E-02
25 3.441274552243E-02
28 2.495656635977E-02
31 2.212238011315E-02
34 2.037021630476E-02
37 1.603455162088E-02
40 1.215649754276E-02
43 1.006009148679E-02
46 7.922797148238E-03
49 7.275821081702E-03
52 7.941332212475E-03
55 5.384504162757E-03
58 4.984727409183E-03
61 4.944485642219E-03
64 3.385419933002E-03
67 3.946313491980E-03
70 2.694056640491E-03
73 2.689654647809E-03
76 2.376544777275E-03
79 2.487898697946E-03
82 2.125519503064E-03
85 1.804887272299E-03
88 1.468945040119E-03
91 1.502710921599E-03
94 1.212189117051E-03
97 1.165970260179E-03
100 1.437372450451E-03
103 1.084900263436E-03
106 1.165672826125E-03
109 1.241704825491E-03
112 1.373700994711E-03
115 1.206249716400E-03
118 1.160635063217E-03
121 1.497810440182E-03
124 1.302480089845E-03
127 1.020600072379E-03
130 1.203699441173E-03
133 1.546394619495E-03
136 9.601664679333E-04
139 1.001070695557E-03
142 8.297084865730E-04
145 1.056837163575E-03
148 7.969901550082E-04
151 9.374837087258E-04
154 9.081462247527E-04
157 8.890088115676E-04
160 8.362699721498E-04
163 5.877966923009E-04
166 6.688662757884E-04
169 5.919167870598E-04
172 5.192252255631E-04
175 6.124438194357E-04
178 4.790760212256E-04
181 5.137569801594E-04
184 5.050146233769E-04
187 4.245574816096E-04
190 4.331239014209E-04
193 4.355851538956E-04
196 5.287989215994E-04
199 4.616828318080E-04
202 5.160530065808E-04
205 4.748953375563E-04
208 4.469024711747E-04
211 4.354405941158E-04
214 5.199824672824E-04
217 5.844445128125E-04
220 4.626694839016E-04
223 5.218417694138E-04
226 3.990342249395E-04
229 4.232597814872E-04
232 3.047585005614E-04
235 3.331785487052E-04
238 3.467983113454E-04
241 3.719763207684E-04
244 2.782307443283E-04
247 3.035955230144E-04
250 3.046759522760E-04
253 3.314714334452E-04
256 2.577668441142E-04
259 2.736884584820E-04
262 2.649263043038E-04
265 3.158602342734E-04
268 3.097433781781E-04
271 2.800165599814E-04
274 2.576563317891E-04
277 2.292231756423E-04
280 3.317623501954E-04
283 2.879892179385E-04
286 2.696585961432E-04
289 2.459731153715E-04
292 3.372800009315E-04
295 2.500997624413E-04
298 3.329466263172E-04
301 2.724039901133E-04
304 2.964439543056E-04
307 2.512348970202E-04
310 2.539514049959E-04
313 2.784093500715E-04
316 2.207344356566E-04
319 2.705323010633E-04
322 2.774426221671E-04
325 2.770503788563E-04
328 2.335697889009E-04
331 3.189842701505E-04
334 2.571394283801E-04
337 2.412727488695E-04
340 2.241195771068E-04
343 3.382551982603E-04
346 2.331548722680E-04
349 2.211710225801E-04
352 1.950936582186E-04
355 1.842761315592E-04
358 1.589712998997E-04
361 2.372237506054E-04
364 1.839496825196E-04
367 2.146089298474E-04
370 2.364921117209E-04
373 1.897139260507E-04
376 1.995008144814E-04
379 1.994040566195E-04
382 1.778617271123E-04
385 1.857050925486E-04
388 1.954301200754E-04
391 2.224197843701E-04
394 1.687871175249E-04
397 2.328154107140E-04
400 2.434129348305E-04
403 2.012061315604E-04
406 2.282658715928E-04
409 2.436462532697E-04
412 2.417745475525E-04
415 2.057313453516E-04
418 2.026499964043E-04
421 2.068326981196E-04
424 1.817654492265E-04
427 1.612796044457E-04
430 1.831409490332E-04
433 2.039013392246E-04
436 1.681032410296E-04
439 1.830971119139E-04
442 1.502775903806E-04
445 1.535234788437E-04
448 1.713587837964E-04
451 1.635385033180E-04
454 2.012532471868E-04
457 2.020480694942E-04
460 2.107268185772E-04
463 3.395530858085E-04
466 2.153303113821E-04
469 2.967571046407E-04
472 2.325759404676E-04
475 2.624645413070E-04
478 2.003392730869E-04
481 2.094030351278E-04
484 2.501876396522E-04
487 2.513481391987E-04
490 1.892013876992E-04
493 2.209383128763E-04
496 1.904240551914E-04
499 1.717922891336E-04
502 1.704415600587E-04
505 1.901889823987E-04
508 1.675177315266E-04
511 2.005303056122E-04
514 1.869782783337E-04
517 1.351205031662E-04
520 1.504950079596E-04
523 1.488941935260E-04
526 1.459818694050E-04
529 1.097554712085E-04
532 1.248640952055E-04
535 1.283631223075E-04
538 9.766831733555E-05
541 1.198813469631E-04
544 1.154943187699E-04
547 1.477125792640E-04
550 1.074009492749E-04
553 1.390429194711E-04
556 1.181132015068E-04
559 1.175738229405E-04
562 1.365132883609E-04
565 1.332088821635E-04
568 1.256728169838E-04
571 1.256518526238E-04
574 1.617533299885E-04
577 1.923558164882E-04
580 1.478181027993E-04
583 1.827566761713E-04
586 1.644945122885E-04
589 1.776152949110E-04
592 1.556180813063E-04
595 2.005120886810E-04
598 1.681353806361E-04
601 1.362391062828E-04
604 1.619524680478E-04
607 1.190025998342E-04
610 1.116167421974E-04
613 1.202496847443E-04
616 1.311705508285E-04
619 9.813899450039E-05
622 1.206525789829E-04
625 1.140480186418E-04
628 1.025899388359E-04
631 1.007654106700E-04
634 1.066606141902E-04
637 9.563990383875E-05
640 1.189867486383E-04
643 9.439716372041E-05
646 1.208958133796E-04
649 1.160334955371E-04
652 1.059521843745E-04
655 1.782803630358E-04
658 1.042973452996E-04
661 1.150951067853E-04
664 2.069342816763E-04
667 1.279289092167E-04
670 1.591328348679E-04
673 1.708696151632E-04
676 1.626622000349E-04
679 1.643426203931E-04
682 1.388244293372E-04
685 1.399862067263E-04
688 1.536105496681E-04
691 1.401937516807E-04
694 1.158605420653E-04
697 1.100619675343E-04
700 1.185835609912E-04
703 1.255321243216E-04
706 8.988088828922E-05
709 1.153268319283E-04
712 1.180628347415E-04
715 1.095945109855E-04
718 1.621836095855E-04
721 1.096717739212E-04
724 1.067937480420E-04
727 1.301817597564E-04
730 1.018311211624E-04
733 1.179842884731E-04
736 1.001390922869E-04
739 1.323347660006E-04
742 9.133858108356E-05
745 1.070371240189E-04
748 1.056474426182E-04
751 1.117666529353E-04
754 1.088850524720E-04
757 1.066881813644E-04
760 1.026120193818E-04
763 8.548502085918E-05
766 9.490162370803E-05
769 7.585389359511E-05
772 6.903267856401E-05
775 8.904485948545E-05
778 7.378493573871E-05
781 7.096466308019E-05
784 7.382760090569E-05
787 6.449816593472E-05
790 7.985376560670E-05
793 1.202053204422E-04
796 1.266532444792E-04
799 1.056074741356E-04
802 1.302505231898E-04
805 1.166368480850E-04
808 1.389514987205E-04
811 1.145972270058E-04
814 1.236144863533E-04
817 1.095016486336E-04
820 1.108978401051E-04
823 8.821744534382E-05
826 9.839476191573E-05
829 9.830776191016E-05
832 1.014111200554E-04
835 9.565809068181E-05
838 8.234205419710E-05
841 8.061249702352E-05
844 9.428281285727E-05
847 6.364510139287E-05
850 6.583483037939E-05
853 9.669286218302E-05
856 6.102316163969E-05
859 1.029950562432E-04
862 7.907221054327E-05
865 1.313597734270E-04
868 9.993086327243E-05
871 1.115568850521E-04
874 9.044339063025E-05
877 1.052005981553E-04
880 1.084486676743E-04
883 1.149175765570E-04
886 8.370334270610E-05
889 8.535436767655E-05
892 1.026654993277E-04
895 1.030471823048E-04
898 8.002483307898E-05
901 7.484392985030E-05
904 8.334884944795E-05
907 6.234448934207E-05
910 6.055780234965E-05
913 8.416265224097E-05
916 5.507001417042E-05
919 6.598561946726E-05
922 8.265444098738E-05
925 7.595982649803E-05
928 9.413228998867E-05
931 8.666317901890E-05
934 9.567115328598E-05
937 6.667266965926E-05
940 8.948196610260E-05
943 6.794109254728E-05
946 9.042378487388E-05
949 6.880730131675E-05
952 1.060890371582E-04
955 6.636958724767E-05
958 6.908264260991E-05
961 5.287511150920E-05
964 5.993308981890E-05
967 7.706210751984E-05
970 6.890009028432E-05
973 7.351282812962E-05
976 6.195042784947E-05
979 5.643372462753E-05
982 5.170545462979E-05
985 6.161298036471E-05
988 5.938614820617E-05
991 7.116950758355E-05
994 6.722262512856E-05
997 7.356032945655E-05
1000 7.300244902297E-05
1003 8.150295745398E-05
1006 8.583095114020E-05
1009 7.749903902446E-05
1012 6.615206826162E-05
1015 7.633586407989E-05
1018 7.199807503289E-05
1021 9.135247215365E-05
1024 7.609086679517E-05
1027 8.095147765775E-05
1030 7.715506326827E-05
1033 8.263281206361E-05
1036 4.881830310214E-05
1039 6.934642178766E-05
1042 5.203595636545E-05
1045 5.004908838686E-05
1048 5.150963464775E-05
1051 5.671047272930E-05
1054 7.073580171058E-05
1057 6.441937119952E-05
1060 5.323445089812E-05
1063 6.278797774889E-05
1066 5.330475461687E-05
1069 7.722157931933E-05
1072 5.638100682793E-05
1075 6.594143558110E-05
1078 5.852956050833E-05
1081 6.709883423497E-05
1084 8.399473827885E-05
1087 6.170094386063E-05
1090 1.013000553500E-04
1093 7.213411155741E-05
1096 9.748749365583E-05
1099 8.274272992962E-05
1102 6.981319463978E-05
1105 7.168446712795E-05
1108 5.397855134718E-05
1111 5.632862577676E-05
1114 5.727348477051E-05
1117 5.536593292334E-05
1120 4.636089429756E-05
1123 5.251333514971E-05
1126 3.753333897085E-05
1129 4.226159493874E-05
1132 4.467582159157E-05
1135 4.937642359332E-05
1138 4.641627418193E-05
1141 5.628959279486E-05
1144 6.522715162836E-05
1147 6.282111532484E-05
1150 6.031658109143E-05
1153 6.250605919169E-05
1156 6.823831777520E-05
1159 6.854526074354E-05
1162 1.022397148745E-04
1165 8.290608389885E-05
1168 9.594103543754E-05
1171 8.846924566871E-05
1174 8.119894219886E-05
1177 8.937825983909E-05
1180 6.927905417310E-05
1183 7.091560046205E-05
1186 6.319820112730E-05
1189 6.523300758905E-05
1192 6.099815896748E-05
1195 5.277678777589E-05
1198 5.326186263957E-05
1201 4.536509484346E-05
1204 3.963632820646E-05
1207 4.401113234537E-05
1210 4.418164322141E-05
1213 4.907537988567E-05
1216 4.786728448138E-05
1219 6.199899545909E-05
1222 4.692573130367E-05
1225 4.988890155746E-05
1228 6.483419112685E-05
1231 6.045204883832E-05
1234 6.127336510786E-05
1237 7.273965676811E-05
1240 8.767479595629E-05
1243 7.777437720501E-05
1246 8.887787477285E-05
1249 7.205999978513E-05
1252 6.431144467193E-05
1255 7.245046943914E-05
1258 6.658942243664E-05
1261 7.193628662349E-05
1264 5.234390431643E-05
1267 8.973183584439E-05
1270 5.658107169001E-05
1273 7.030734143911E-05
1276 6.680216867986E-05
1279 6.639166724761E-05
1282 6.582664319350E-05
1285 4.685869811784E-05
1288 4.785108882465E-05
1291 4.544980093541E-05
1294 6.449234836478E-05
1297 4.701410548974E-05
1300 5.814733258545E-05
1303 6.560468725400E-05
1306 5.719180908219E-05
1309 6.802095987869E-05
1312 6.452895217484E-05
1315 7.721204584008E-05
1318 6.762077146868E-05
1321 6.933072340343E-05
1324 5.685667562521E-05
1327 6.345490041972E-05
1330 5.216226847197E-05
1333 5.488540895163E-05
1336 6.798129623757E-05
1339 4.242285448330E-05
1342 4.616969667551E-05
1345 6.635141851224E-05
1348 4.829143655680E-05
1351 7.288768251214E-05
1354 5.752509760822E-05
1357 5.926605882865E-05
1360 7.833724073860E-05
1363 5.858373851811E-05
1366 6.854103353972E-05
1369 6.228998683531E-05
1372 6.701344495412E-05
1375 6.594878579425E-05
1378 7.543556617956E-05
1381 7.107504479535E-05
1384 7.059555389907E-05
1387 6.918045596841E-05
1390 6.412569614041E-05
1393 5.984793105097E-05
1396 6.482245004089E-05
1399 5.662124400675E-05
1402 5.410170681979E-05
1405 5.106008472318E-05
1408 5.058558957406E-05
1411 4.467950457324E-05
1414 6.609500353732E-05
1417 3.629219327740E-05
1420 3.585819304416E-05
1423 4.286892090722E-05
1426 3.910435992204E-05
1429 3.613636839947E-05
1432 3.826417096104E-05
1435 5.186816344197E-05
1438 6.309024362965E-05
1441 6.605313754121E-05
1444 7.065059317584E-05
1447 7.245800149170E-05
1450 5.972779704361E-05
1453 6.964461533967E-05
1456 6.211537785503E-05
1459 7.183230515869E-05
1462 5.583508153408E-05
1465 7.555511747070E-05
1468 6.049690857395E-05
1471 6.655098060882E-05
1474 7.580583306117E-05
1477 7.074315010908E-05
1480 5.380199440359E-05
1483 6.482337597728E-05
1486 5.093167187376E-05
1489 4.150720777618E-05
1492 5.442361611429E-05
1495 4.394639169488E-05
1498 4.372955796197E-05
1501 3.548079728702E-05
1504 4.627290873053E-05
1507 3.966213103565E-05
1510 5.224382454743E-05
1513 4.280608454555E-05
1516 4.487862307067E-05
1519 5.543762880424E-05
1522 4.278640934224E-05
1525 6.158833031499E-05
1528 5.612782988437E-05
1531 5.887266637449E-05
1534 4.973335185417E-05
1537 5.327762241447E-05
1540 5.701193022100E-05
1543 5.040988549828E-05
1546 5.308551838096E-05
1549 4.608545356012E-05
1552 4.708070095341E-05
1555 6.495745736297E-05
1558 5.556437558180E-05
1561 5.936600879795E-05
1564 6.326932186374E-05
1567 6.983141967686E-05
1570 7.490431502322E-05
1573 5.594124745032E-05
1576 4.337011470591E-05
1579 4.518272499254E-05
1582 5.787372319190E-05
1585 5.273566563187E-05
1588 5.366058206533E-05
1591 3.925057185041E-05
1594 4.430524453690E-05
1597 5.400345589864E-05
1600 3.942429186459E-05
1603 4.066078056537E-05
1606 4.340122675922E-05
1609 3.948125362406E-05
1612 4.894119533360E-05
1615 4.004212034961E-05
1618 4.566945868334E-05
1621 4.504983495638E-05
1624 4.739910424417E-05
1627 5.377189068161E-05
1630 4.194027943102E-05
1633 6.370120231816E-05
1636 4.009553042836E-05
1639 4.374562682784E-05
1642 5.243682803059E-05
1645 4.911299882147E-05
1648 5.397892637727E-05
1651 4.994612041603E-05
1654 5.891844452861E-05
1657 5.301894714113E-05
1660 5.612045717000E-05
1663 6.200095076963E-05
1666 5.806131321285E-05
1669 4.912036892119E-05
1672 5.449209116518E-05
1675 6.968396512334E-05
1678 6.580148527292E-05
1681 6.051600412220E-05
1684 6.679976983019E-05
1687 5.983744206409E-05
1690 6.258701909605E-05
1693 6.771191090558E-05
1696 6.482078084748E-05
1699 5.008247283790E-05
1702 4.532830325439E-05
1705 5.909644209520E-05
1708 4.047744763131E-05
1711 3.678801861263E-05
1714 3.849462902293E-05
1717 3.924999554739E-05
1720 4.492424365651E-05
1723 4.103273467516E-05
1726 3.608998516199E-05
1729 4.780894461527E-05
1732 4.695553531667E-05
1735 4.107074872670E-05
1738 5.300484444181E-05
1741 4.660545462651E-05
1744 4.348912874891E-05
1747 5.007112898900E-05
1750 4.124038494933E-05
1753 5.319020560810E-05
1756 4.350167866115E-05
1759 5.850534949749E-05
1762 6.100250768558E-05
1765 5.509764334658E-05
1768 4.296248066330E-05
1771 5.284101467333E-05
1774 4.592325988686E-05
1777 3.744395710470E-05
1780 2.992314124717E-05
1783 3.591515825615E-05
1786 3.879340393585E-05
1789 3.361675152452E-05
1792 3.470491279856E-05
1795 4.103270265856E-05
1798 3.463932589015E-05
1801 4.384990364913E-05
1804 4.109366688639E-05
1807 5.569631584880E-05
1810 4.801678621651E-05
1813 5.001399073389E-05
1816 4.485045106599E-05
1819 5.759375482099E-05
1822 5.462071713665E-05
1825 6.887519770161E-05
1828 5.535595116742E-05
1831 6.576583848513E-05
1834 5.150485905403E-05
1837 5.367645250609E-05
1840 4.259801420667E-05
1843 5.450753805976E-05
1846 4.207668320191E-05
1849 4.990343778081E-05
1852 4.719606986526E-05
1855 4.685083451359E-05
1858 4.715695805062E-05
1861 4.753448738162E-05
1864 5.375476349480E-05
1867 3.625813611886E-05
1870 4.486331027046E-05
1873 4.909859436226E-05
1876 3.279745128881E-05
1879 4.132772962313E-05
1882 3.634704449836E-05
1885 3.425274584023E-05
1888 3.453458721579E-05
1891 4.055041445242E-05
1894 3.403788535371E-05
1897 4.595353062390E-05
1900 5.429184817295E-05
1903 5.569597766041E-05
1906 4.148938850207E-05
1909 4.913382348169E-05
1912 6.157590394427E-05
1915 5.843956133828E-05
1918 5.750307044802E-05
1921 4.449706057548E-05
1924 4.620171579439E-05
1927 3.784221849404E-05
1930 3.504408994058E-05
1933 3.883803013049E-05
1936 4.167495764197E-05
1939 4.218127202234E-05
1942 3.678492155473E-05
1945 4.983029859733E-05
1948 3.766430446881E-05
1951 4.745806066517E-05
1954 3.840885733339E-05
1957 5.263819318714E-05
1960 4.498605993225E-05
1963 5.274603926374E-05
1966 5.361803574297E-05
1969 4.740855314220E-05
1972 4.644309987135E-05
1975 4.519956990848E-05
1978 6.556574414266E-05
1981 5.099196140381E-05
1984 4.642933111635E-05
1987 4.219359908497E-05
1990 4.355451703880E-05
1993 4.409904496526E-05
1996 4.264078570917E-05
1999 4.095179446093E-05
2002 4.365856950358E-05
2005 4.747930502201E-05
2008 4.642295672198E-05
2011 5.609514113516E-05
2014 4.807531875303E-05
2017 5.311647489448E-05
2020 5.973967343758E-05
2023 4.444074736226E-05
2026 5.940046840106E-05
2029 4.439942414496E-05
2032 6.198059342798E-05
2035 5.501545793166E-05
2038 5.079994601117E-05
2041 5.740044318786E-05
2044 3.681428731330E-05
2047 2.654324582067E-05
2050 3.663480470445E-05
2053 3.833703602389E-05
2056 3.787859974242E-05
2059 5.262687702738E-05
2062 4.867144221998E-05
2065 5.401447146340E-05
2068 4.264706971945E-05
2071 4.997055052795E-05
2074 5.829964113678E-05
2077 5.869682036262E-05
2080 6.282003029823E-05
2083 5.774815310948E-05
2086 6.141037562247E-05
2089 5.866559125275E-05
2092 7.390663926110E-05
2095 5.195361130500E-05
2098 3.578462122738E-05
2101 4.088777926306E-05
2104 6.302697376075E-05
2107 4.088526440449E-05
2110 4.183467075263E-05
2113 4.237450857045E-05
2116 4.807496299414E-05
2119 3.729542203628E-05
2122 4.134044716965E-05
2125 3.464745710288E-05
2128 4.268601456562E-05
2131 3.679688600029E-05
2134 5.042357591601E-05
2137 5.535395996588E-05
2140 4.223806118248E-05
2143 5.171225531082E-05
2146 4.855660613480E-05
2149 6.520836189005E-05
2152 6.084343651168E-05
2155 5.263285449243E-05
2158 6.409967042036E-05
2161 5.302986803901E-05
2164 4.806438798056E-05
2167 5.006392840677E-05
2170 2.843715869971E-05
2173 3.539273056271E-05
2176 3.417236496598E-05
2179 3.029113086049E-05
2182 3.028561934786E-05
2185 2.588951848220E-05
2188 2.846175025560E-05
2191 3.740893134991E-05
2194 3.214884628848E-05
2197 3.382410168888E-05
2200 3.491557130693E-05
2203 3.945889196377E-05
2206 3.814421991466E-05
2209 3.207121624251E-05
2212 4.677881882106E-05
2215 4.594076808338E-05
2218 3.845530244570E-05
2221 3.126486949648E-05
2224 3.809179871980E-05
2227 4.595493329775E-05
2230 3.338862687007E-05
2233 3.996271560106E-05
2236 3.349811056375E-05
2239 3.811709298125E-05
2242 3.673835590279E-05
2245 3.962424937098E-05
2248 3.626716823998E-05
2251 4.534148649474E-05
2254 3.189869096226E-05
2257 3.647058119333E-05
2260 4.344365589801E-05
2263 3.915111257411E-05
2266 4.098353522396E-05
2269 2.859336460002E-05
2272 2.544846696885E-05
2275 3.701730449337E-05
2278 3.884743182357E-05
2281 3.940395838776E-05
2284 5.173468090928E-05
2287 4.442629424208E-05
2290 4.420194271487E-05
2293 4.625909859019E-05
2296 4.040743602206E-05
2299 4.418107641606E-05
2302 3.034971798435E-05
2305 3.822153241123E-05
2308 3.809975734653E-05
2311 4.429437740636E-05
2314 3.972115551716E-05
2317 5.190988737908E-05
2320 4.279297963385E-05
2323 4.536443914015E-05
2326 5.744837657029E-05
2329 4.315372979768E-05
2332 4.715526991408E-05
2335 5.069113080573E-05
2338 4.238013079968E-05
2341 4.625090569472E-05
2344 4.530554247310E-05
2347 4.011494064839E-05
2350 4.385085168830E-05
2353 4.691894514386E-05
2356 3.240968834041E-05
2359 2.881961861955E-05
2362 3.014732369403E-05
2365 2.898479727094E-05
2368 3.394411062929E-05
2371 3.482005046701E-05
2374 4.870435612246E-05
2377 4.140045307105E-05
2380 4.403889400235E-05
2383 4.501197096852E-05
2386 4.660692312669E-05
2389 4.176232423046E-05
2392 3.847361471303E-05
2395 3.677873994153E-05
2398 3.503493694587E-05
2401 4.611836815722E-05
2404 3.663948636170E-05
2407 4.474741969280E-05
2410 3.991037743091E-05
2413 3.702155532103E-05
2416 3.858581108364E-05
2419 4.245760140135E-05
2422 3.064681038687E-05
2425 5.150005756231E-05
2428 3.670260874758E-05
2431 2.997003081551E-05
2434 2.889956782319E-05
2437 3.755528545166E-05
2440 3.243124327728E-05
2443 3.295609735231E-05
2446 4.440761368140E-05
2449 3.696019430210E-05
2452 4.299371047197E-05
2455 3.747455081373E-05
2458 5.907728014722E-05
2461 6.036579645915E-05
2464 4.851676298829E-05
2467 6.036504700170E-05
2470 4.460258101231E-05
2473 4.582880059364E-05
2476 4.650048016345E-05
2479 4.124806928752E-05
2482 4.170630337967E-05
2485 3.233819221196E-05
2488 4.469628515292E-05
2491 3.221618083801E-05
2494 2.920343816199E-05
2497 3.408052749202E-05
2500 4.055592128943E-05
2503 2.971408918586E-05
2506 4.248036931717E-05
2509 4.021475212246E-05
2512 3.503016255195E-05
2515 4.004311798187E-05
2518 3.447905116148E-05
2521 3.450654651231E-05
2524 3.316101014800E-05
2527 4.919740674352E-05
2530 4.289395269578E-05
2533 6.186726588348E-05
2536 6.332925031460E-05
2539 5.515634122873E-05
2542 5.286689225926E-05
2545 5.535918580981E-05
2548 4.664760711700E-05
2551 5.506336622391E-05
2554 4.220164115754E-05
2557 4.735202551897E-05
2560 5.271402353016E-05
2563 3.699507043345E-05
2566 3.054508154288E-05
2569 3.217221273191E-05
2572 2.859786457331E-05
2575 3.466822379665E-05
2578 3.025652793383E-05
2581 3.407877682268E-05
2584 2.741119682797E-05
2587 3.754450805574E-05
2590 3.511257850267E-05
2593 3.756531137506E-05
2596 3.434188649995E-05
2599 4.579210580510E-05
2602 3.491007870037E-05
2605 4.704335252519E-05
2608 4.745556407415E-05
2611 5.202977074432E-05
2614 4.101181677657E-05
2617 3.291261814400E-05
2620 3.636469928464E-05
2623 3.686240789184E-05
2626 5.081494112781E-05
2629 4.054839811824E-05
2632 3.417461582351E-05
2635 2.528534633666E-05
2638 4.182719549257E-05
2641 3.763113871321E-05
2644 3.145688984363E-05
2647 3.832997081708E-05
2650 2.425715742719E-05
2653 3.412431462702E-05
2656 2.876009556589E-05
2659 2.805476205097E-05
2662 2.735294801139E-05
2665 3.344365362421E-05
2668 2.965244279406E-05
2671 3.817960638067E-05
2674 4.056680341425E-05
2677 4.540128976877E-05
2680 3.864801204071E-05
2683 3.912444843087E-05
2686 3.756060822177E-05
2689 3.615814168818E-05
2692 2.812840925753E-05
2695 4.207555061349E-05
2698 3.105266158131E-05
2701 3.059036634935E-05
2704 2.672310522094E-05
2707 3.016914089333E-05
2710 3.240994944486E-05
2713 2.615323954462E-05
2716 2.900562469660E-05
2719 2.457434287315E-05
2722 3.182265515640E-05
2725 4.119336236824E-05
2728 3.391823410250E-05
2731 4.158037231799E-05
2734 3.587410780702E-05
2737 4.590072787500E-05
2740 4.926546459106E-05
2743 4.546139954512E-05
2746 4.387606590845E-05
2749 5.773920695594E-05
2752 4.642131167484E-05
2755 5.080792449950E-05
2758 4.861700718677E-05
2761 6.371594972047E-05
2764 3.880448835227E-05
2767 3.320097946057E-05
2770 3.208042492163E-05
2773 3.769445167350E-05
2776 2.958604096783E-05
2779 4.127231510712E-05
2782 2.582799588036E-05
2785 3.524268935046E-05
2788 3.142090812464E-05
2791 3.100742329365E-05
2794 3.333167711455E-05
2797 3.022916438454E-05
2800 4.499527746497E-05
2803 3.636456788927E-05
2806 3.567804193914E-05
2809 2.969544061227E-05
2812 3.878344493542E-05
2815 2.779340643882E-05
2818 3.293060315348E-05
2821 4.016417790484E-05
2824 3.308228042321E-05
2827 3.408401728750E-05
2830 3.431092973392E-05
2833 4.008873660462E-05
2836 3.300423536758E-05
2839 4.676093291282E-05
2842 3.360373979686E-05
2845 3.496069769026E-05
2848 3.450813369325E-05
2851 2.909101901600E-05
2854 3.228765452259E-05
2857 2.407458076819E-05
2860 2.314089495483E-05
2863 2.640134522433E-05
2866 3.050540658276E-05
2869 2.542477973360E-05
2872 2.820964366224E-05
2875 3.512790576277E-05
2878 2.437560582009E-05
2881 4.170358937462E-05
2884 3.530317454700E-05
2887 4.691446137039E-05
2890 4.115722409246E-05
2893 4.695740761854E-05
2896 3.918772511385E-05
2899 5.977891745027E-05
2902 4.386257632531E-05
2905 3.184673981379E-05
2908 3.902772836370E-05
2911 3.158154875616E-05
2914 2.664904922885E-05
2917 3.201686668614E-05
2920 3.210894061773E-05
2923 2.650138398752E-05
2926 2.550920296499E-05
2929 2.931102512769E-05
2932 2.256507847641E-05
2935 3.194130826740E-05
2938 3.741896610320E-05
2941 2.779503910929E-05
2944 3.313677058643E-05
2947 3.263424579469E-05
2950 2.480708300379E-05
2953 3.412755462131E-05
2956 3.357153833935E-05
2959 4.081094884149E-05
2962 3.294105163044E-05
2965 4.298286292704E-05
2968 3.945647383534E-05
2971 5.135630507955E-05
2974 3.343509212200E-05
2977 2.785395570601E-05
2980 2.237259772245E-05
2983 3.209498937151E-05
2986 2.665047686249E-05
2989 2.827771896313E-05
2992 2.126318135516E-05
2995 2.479269208080E-05
2998 2.582873426856E-05
3001 2.593965110517E-05
3004 2.545971017221E-05
3007 3.402607175252E-05
3010 3.142639404451E-05
3013 2.596680861424E-05
3016 2.232833094008E-05
3019 2.825869638905E-05
3022 3.069910908390E-05
3025 3.127679500681E-05
3028 3.385674501829E-05
3031 4.034061687746E-05
3034 3.258067549635E-05
3037 4.482066890780E-05
3040 4.673663017004E-05
3043 3.262218397168E-05
3046 3.031076528217E-05
3049 3.923926606709E-05
3052 3.020461088701E-05
3055 3.544831993550E-05
3058 4.155069065023E-05
3061 2.617375935692E-05
3064 2.277672655594E-05
3067 2.027804953433E-05
3070 1.517186542494E-05
3073 1.763996719016E-05
3076 1.683917731340E-05
3079 1.496692043668E-05
3082 1.738590294001E-05
3085 1.851117589321E-05
3088 2.122926347940E-05
3091 2.867923833964E-05
3094 2.777464797386E-05
3097 2.833450669271E-05
3100 2.857095412522E-05
3103 2.700031174127E-05
3106 2.817984734485E-05
3109 3.313694709699E-05
3112 2.610016282775E-05
3115 2.650608719166E-05
3118 2.267065215061E-05
3121 2.212811538342E-05
3124 2.112084274239E-05
3127 1.922532844025E-05
3130 2.365833819895E-05
3133 1.825521755966E-05
3136 2.656550825338E-05
3139 2.583234342833E-05
3142 3.176871401337E-05
3145 2.653415641184E-05
3148 2.081170288324E-05
3151 1.831581453720E-05
3154 2.152014692051E-05
3157 2.819744108893E-05
3160 2.517586348604E-05
3163 2.382504959573E-05
3166 2.899348779891E-05
3169 3.069855125209E-05
3172 3.184877581353E-05
3175 3.307512104150E-05
3178 3.396543869555E-05
3181 2.755699784273E-05
3184 2.713451262169E-05
3187 3.087743986504E-05
3190 3.150121511889E-05
3193 3.583514383942E-05
3196 2.759019889317E-05
3199 3.236250618319E-05
3202 2.239355988553E-05
3205 2.291023548242E-05
3208 1.922985581315E-05
3211 1.859622920010E-05
3214 2.685834790435E-05
3217 2.381045355361E-05
3220 2.039650819857E-05
3223 2.219790391608E-05
3226 1.835645888000E-05
3229 1.759247424070E-05
3232 1.846189953228E-05
3235 2.466584488313E-05
3238 1.825989565319E-05
3241 1.889444982180E-05
3244 2.353192526909E-05
3247 1.965894338825E-05
3250 2.483658299092E-05
3253 2.712182195985E-05
3256 2.525676119722E-05
3259 2.818366638675E-05
3262 2.655052933337E-05
3265 2.559529493975E-05
3268 2.580242986105E-05
3271 2.721448842309E-05
3274 2.716761773434E-05
3277 2.392231697669E-05
3280 2.817266584422E-05
3283 2.056150744145E-05
3286 1.979696468864E-05
3289 1.969291447807E-05
3292 1.721520246992E-05
3295 2.437409520256E-05
3298 1.518776641105E-05
3301 1.703750133826E-05
3304 2.010653676276E-05
3307 2.203843427190E-05
3310 2.496948787565E-05
3313 3.056039509567E-05
3316 2.477060370774E-05
3319 2.608117471792E-05
3322 2.286065873425E-05
3325 2.832392442685E-05
3328 2.642276415162E-05
3331 2.372821389717E-05
3334 2.520641904990E-05
3337 1.988850498600E-05
3340 2.005768647206E-05
3343 2.220101438736E-05
3346 2.259844216621E-05
3349 1.838298141180E-05
3352 2.017989933325E-05
3355 1.651601322345E-05
3358 1.535453635362E-05
3361 1.461208325739E-05
3364 2.132840043205E-05
3367 2.358170866870E-05
3370 2.408132854819E-05
3373 2.458297946399E-05
3376 2.380409321478E-05
3379 2.312699355247E-05
3382 2.918105461140E-05
3385 2.634809043330E-05
3388 2.317555426468E-05
3391 2.634160663924E-05
3394 2.481795483188E-05
3397 2.588862013781E-05
3400 2.415905009632E-05
3403 2.665384353824E-05
3406 3.029545689833E-05
3409 2.045200320727E-05
3412 2.467324688181E-05
3415 1.964338163548E-05
3418 1.897029526062E-05
3421 2.008507145232E-05
3424 1.998151167365E-05
3427 1.844131439186E-05
3430 1.744145206715E-05
3433 1.920143955628E-05
3436 2.271657106339E-05
3439 2.159123708507E-05
3442 2.405099353420E-05
3445 2.314866646255E-05
3448 2.381092427778E-05
3451 3.238744433501E-05
3454 2.596875875618E-05
3457 2.451059520664E-05
3460 2.152656208591E-05
3463 2.260256986031E-05
3466 1.533240976621E-05
3469 1.927633539946E-05
3472 1.498081910762E-05
3475 2.028498537441E-05
3478 1.260363708249E-05
3481 1.764706708605E-05
3484 1.636937074979E-05
3487 1.834068247716E-05
3490 1.600086285815E-05
3493 2.103985090129E-05
3496 1.410836799682E-05
3499 2.226185097351E-05
3502 1.825567572656E-05
3505 2.483466610602E-05
3508 2.467262141115E-05
3511 2.070237505142E-05
3514 3.283146142694E-05
3517 2.393733722933E-05
3520 2.550355845647E-05
3523 2.555704939838E-05
3526 1.610179132333E-05
3529 1.872653785887E-05
3532 1.688358096504E-05
3535 1.583582749164E-05
3538 1.750340662273E-05
3541 2.050322974231E-05
3544 1.924415977394E-05
3547 1.802321389586E-05
3550 1.681346878357E-05
3553 1.445188702789E-05
3556 1.771410066173E-05
3559 1.181441721426E-05
3562 1.725417150860E-05
3565 1.384970650857E-05
3568 1.485110291560E-05
3571 1.557679278672E-05
3574 2.546623218043E-05
3577 2.200711794650E-05
3580 2.261178484194E-05
3583 2.053212047591E-05
3586 2.182055361007E-05
3589 1.970100538205E-05
3592 2.382205251959E-05
3595 2.130817942229E-05
3598 2.023319760065E-05
3601 2.479661067815E-05
3604 1.983012763579E-05
3607 2.639719744826E-05
3610 1.905193511264E-05
3613 2.347698917373E-05
3616 2.070470651454E-05
3619 2.363255882741E-05
3622 1.617370561822E-05
3625 1.723473847868E-05
3628 1.858995188610E-05
3631 1.704573809165E-05
3634 1.886212857053E-05
3637 1.660250834957E-05
3640 2.056978506768E-05
3643 1.603818864196E-05
3646 2.122375898466E-05
3649 2.104245795487E-05
3652 2.843430986211E-05
3655 2.403684638929E-05
3658 2.670089585278E-05
3661 2.377829645675E-05
3664 3.026454822329E-05
3667 3.010688330491E-05
3670 3.770663927608E-05
3673 2.463322920389E-05
3676 3.450282886734E-05
3679 2.436291540301E-05
3682 3.315465341699E-05
3685 2.339957276048E-05
3688 2.254260383139E-05
3691 2.939309444667E-05
3694 2.102682303032E-05
3697 1.852383195753E-05
3700 2.240515890468E-05
3703 1.550197062451E-05
3706 1.887719836384E-05
3709 1.862279537627E-05
3712 1.883568381297E-05
3715 1.796457190400E-05
3718 1.678852627595E-05
3721 1.813415351845E-05
3724 2.508422835735E-05
3727 1.648022250535E-05
3730 2.129318198930E-05
3733 2.337792138433E-05
3736 2.937964611672E-05
3739 2.966462233715E-05
3742 2.776929809797E-05
3745 3.222927973312E-05
3748 2.104252219225E-05
3751 3.222265576407E-05
3754 2.222173225504E-05
3757 1.865285438135E-05
3760 1.743937810651E-05
3763 1.716012667378E-05
3766 1.801197599812E-05
3769 2.000753370797E-05
3772 1.835868113792E-05
3775 1.728706888455E-05
3778 1.777569353660E-05
3781 2.080656330829E-05
3784 2.122702687524E-05
3787 2.899592767003E-05
3790 2.470115034475E-05
3793 2.235520132178E-05
3796 2.146133061489E-05
3799 2.261693735206E-05
3802 2.049081152631E-05
3805 2.372507799522E-05
3808 2.864615224886E-05
3811 2.220958709659E-05
3814 3.619010656088E-05
3817 2.257161224720E-05
3820 2.292434363724E-05
3823 2.265360175002E-05
3826 2.323768128406E-05
3829 2.639000134765E-05
3832 2.527178874570E-05
3835 2.558476573211E-05
3838 2.558713910228E-05
3841 2.332130481207E-05
3844 2.137889118465E-05
3847 1.686869615694E-05
3850 2.113335413138E-05
3853 1.934586856297E-05
3856 1.669052754058E-05
3859 1.943413921071E-05
3862 2.555014008778E-05
3865 1.714829248742E-05
3868 2.207867349196E-05
3871 2.115974772937E-05
3874 1.903291663858E-05
3877 2.489754001136E-05
3880 2.136508450498E-05
3883 2.548025649831E-05
3886 2.163562277729E-05
3889 2.221675524204E-05
3892 3.220362334008E-05
3895 2.131077106480E-05
3898 2.314263093894E-05
3901 2.846953145931E-05
3904 2.370907075495E-05
3907 2.880830863846E-05
3910 2.120459310051E-05
3913 2.326121873507E-05
3916 1.946904699837E-05
3919 2.189311791649E-05
3922 2.330833057802E-05
3925 2.707003585030E-05
3928 2.165905882361E-05
3931 2.161291914153E-05
3934 2.312038421088E-05
3937 1.813760548503E-05
3940 1.622157098822E-05
3943 1.689862447930E-05
3946 1.599425570716E-05
3949 1.901540715901E-05
3952 2.080476316294E-05
3955 2.257396134783E-05
3958 1.874483941781E-05
3961 2.113992852013E-05
3964 1.892845154058E-05
3967 1.590536407743E-05
3970 1.207152741710E-05
3973 1.505794110874E-05
3976 1.246280714321E-05
3979 1.759563099954E-05
3982 1.299117569444E-05
3985 1.274403276606E-05
3988 1.788251403882E-05
3991 1.476166295080E-05
3994 1.967378381587E-05
3997 1.933572668403E-05
4000 2.020128950251E-05
4003 2.307841450268E-05
4006 2.298460930700E-05
4009 2.056459371854E-05
4012 1.980810710754E-05
4015 1.755956741611E-05
4018 1.920163796891E-05
4021 2.475022526191E-05
4024 1.818095461091E-05
4027 1.939768699260E-05
4030 1.449963782189E-05
4033 1.919609712254E-05
4036 1.485819500853E-05
4039 1.320852112790E-05
4042 1.183334682669E-05
4045 9.690236804421E-06
4048 1.185493281190E-05
4051 1.571825129664E-05
4054 1.329136121763E-05
4057 1.321588319628E-05
4060 1.672532179483E-05
4063 1.076744313036E-05
4066 1.667393049231E-05
4069 2.311561723931E-05
4072 1.608721868666E-05
4075 1.455328936967E-05
4078 1.597639550575E-05
4081 1.966442556629E-05
4084 1.936646403932E-05
4087 2.324878814654E-05
4090 1.796569693662E-05
4093 1.799587664848E-05
4096 1.731658815064E-05
4099 1.562370568255E-05
4102 1.544337712895E-05
4105 1.436068057372E-05
4108 1.120514374582E-05
4111 1.060565681326E-05
4114 1.311649236039E-05
4117 1.171643911353E-05
4120 1.610318354310E-05
4123 1.520542896895E-05
4126 1.975783143703E-05
4129 1.313281366523E-05
4132 1.700725817990E-05
4135 1.857358373592E-05
4138 2.054460886940E-05
4141 2.463622587213E-05
4144 2.048925114753E-05
4147 2.279669468313E-05
4150 2.189354319798E-05
4153 1.756065260237E-05
4156 1.704594502615E-05
4159 1.813480386361E-05
4162 1.603855050020E-05
4165 1.653025844894E-05
4168 1.358751546640E-05
4171 1.500386371935E-05
4174 1.886585034604E-05
4177 1.223909357202E-05
4180 1.665133438816E-05
4183 1.171455998069E-05
4186 1.525963800313E-05
4189 1.275317499366E-05
4192 1.492156972375E-05
4195 1.544117475725E-05
4198 1.287970602049E-05
4201 1.410580140855E-05
4204 1.920092293313E-05
4207 1.523869185947E-05
4210 1.655484436700E-05
4213 1.783311393221E-05
4216 1.412547827741E-05
4219 1.762384764476E-05
4222 2.059451153375E-05
4225 1.843609529653E-05
4228 1.442531761703E-05
4231 1.436823629656E-05
4234 1.334540726604E-05
4237 1.561586083620E-05
4240 1.378616326868E-05
4243 1.302586357490E-05
4246 1.365020180033E-05
4249 1.567654184401E-05
4252 1.340979055179E-05
4255 1.450840563282E-05
4258 1.439226156364E-05
4261 1.061179234669E-05
4264 1.273918450828E-05
4267 1.163199850972E-05
4270 1.188356504407E-05
4273 1.003118069993E-05
4276 1.480269041424E-05
4279 1.280329279298E-05
4282 1.502031768090E-05
4285 1.532392352574E-05
4288 1.453803370651E-05
4291 1.807410814902E-05
4294 1.749130884296E-05
4297 2.206050630675E-05
4300 1.470156879494E-05
4303 1.453958709709E-05
4306 1.615791411599E-05
4309 1.601328021182E-05
4312 1.376008640326E-05
4315 1.293822978141E-05
4318 1.324589881545E-05
4321 1.104664395020E-05
4324 1.200645433228E-05
4327 1.025656281321E-05
4330 1.335323413260E-05
4333 1.132218957073E-05
4336 1.246860401110E-05
4339 1.354665561817E-05
4342 1.554720711088E-05
4345 1.402722587387E-05
4348 1.500073321011E-05
4351 1.550897270852E-05
4354 1.603035923761E-05
4357 1.117811221754E-05
4360 1.522018256686E-05
4363 1.257381480273E-05
4366 1.603251884067E-05
4369 1.318451030135E-05
4372 1.590273451046E-05
4375 1.523202583192E-05
4378 1.486018049896E-05
4381 1.357618260281E-05
4384 1.543789800205E-05
4387 1.800202798538E-05
4390 1.094524850602E-05
4393 1.295952949079E-05
4396 9.704102939304E-06
4399 1.082421590788E-05
4402 1.019991894127E-05
4405 1.046517921754E-05
4408 1.130659457626E-05
4411 1.039769370417E-05
4414 1.177893035046E-05
4417 1.415532941169E-05
4420 9.659885258120E-06
4423 1.199261688171E-05
4426 1.067356874393E-05
4429 1.011365247525E-05
4432 1.548246586329E-05
4435 1.291083444701E-05
4438 8.904880541240E-06
4441 9.657060470125E-06
4444 8.284676160463E-06
4447 1.343299039961E-05
4450 1.017304216096E-05
4453 1.399730878112E-05
4456 1.345050228752E-05
4459 1.409206174404E-05
4462 1.307126322175E-05
4465 1.407941879963E-05
4468 1.120310463783E-05
4471 1.100171705037E-05
4474 1.343470697917E-05
4477 1.323901572329E-05
4480 1.343165958644E-05
4483 1.061702376734E-05
4486 1.322944582929E-05
4489 1.110024740202E-05
4492 1.151131082062E-05
4495 9.980134562144E-06
4498 1.130456616532E-05
4501 1.379474242853E-05
4504 9.347041306286E-06
4507 9.903625083350E-06
4510 1.130822492066E-05
4513 1.471016080450E-05
4516 1.231843457025E-05
4519 1.204447447669E-05
4522 1.881357125385E-05
4525 1.402814843029E-05
4528 1.329400039332E-05
4531 1.086509883255E-05
4534 1.046825724723E-05
4537 1.001201116127E-05
4540 8.665592870875E-06
4543 1.284839377065E-05
4546 1.106709038805E-05
4549 1.191856588484E-05
4552 9.134420260164E-06
4555 1.093521204515E-05
4558 1.013746188899E-05
4561 1.501738911013E-05
4564 1.153012645475E-05
4567 1.388062822356E-05
4570 1.167441598725E-05
4573 9.523322145436E-06
4576 1.081411303730E-05
4579 1.403321046144E-05
4582 1.394619904101E-05
4585 1.420870028860E-05
4588 1.327836600727E-05
4591 1.501426045618E-05
4594 1.322114810942E-05
4597 1.658415595074E-05
4600 9.924724780850E-06
4603 1.222331080688E-05
4606 1.123904621793E-05
4609 1.142794847200E-05
4612 1.083770593657E-05
4615 1.101138191063E-05
4618 1.402581938687E-05
4621 1.317658959667E-05
4624 1.271568492653E-05
4627 1.757571455255E-05
4630 1.587028689625E-05
4633 1.517946455341E-05
4636 1.422630141836E-05
4639 1.487186639815E-05
4642 1.051103499835E-05
4645 1.211870125269E-05
4648 9.349440396766E-06
4651 1.159280665409E-05
4654 1.277104697495E-05
4657 1.259104071789E-05
4660 1.592691574203E-05
4663 1.588602099716E-05
4666 1.212153748088E-05
4669 1.282122992256E-05
4672 1.019549449186E-05
4675 1.063069957467E-05
4678 9.626807532037E-06
4681 1.221362193870E-05
4684 1.089893850603E-05
4687 1.107163005822E-05
4690 1.175361553861E-05
4693 1.396032969672E-05
4696 1.644209022494E-05
4699 1.432578942427E-05
4702 1.421498182244E-05
4705 1.225195347296E-05
4708 1.505783182173E-05
4711 1.194253533311E-05
4714 1.384872342723E-05
4717 1.179600525569E-05
4720 1.145536020147E-05
4723 1.133578081029E-05
4726 1.376519053363E-05
4729 1.113762096603E-05
4732 8.364141377413E-06
4735 1.108085828050E-05
4738 1.015872467317E-05
4741 1.080043315012E-05
4744 1.157452422809E-05
4747 1.038524454418E-05
4750 1.070930662880E-05
4753 1.282719432330E-05
4756 1.504128786628E-05
4759 1.500732202413E-05
4762 1.583865807768E-05
4765 1.621909646944E-05
4768 1.435186201767E-05
4771 1.412114631453E-05
4774 1.371612994513E-05
4777 1.446769333711E-05
4780 1.159581128092E-05
4783 1.181910558422E-05
4786 1.187614151638E-05
4789 1.513864512418E-05
4792 1.098931008084E-05
4795 1.211670248824E-05
4798 8.619688980799E-06
4801 9.768769458461E-06
4804 8.919890881052E-06
4807 9.494568635259E-06
4810 1.057921254809E-05
4813 1.219799169402E-05
4816 1.391192674991E-05
4819 1.444739786127E-05
4822 1.696717222311E-05
4825 1.519088375570E-05
4828 1.512379066366E-05
4831 1.398358363198E-05
4834 1.341277221117E-05
4837 1.213495247553E-05
4840 1.423102568200E-05
4843 1.138876964979E-05
4846 1.704837306203E-05
4849 1.176234585653E-05
4852 1.342484285125E-05
4855 9.807495946863E-06
4858 8.836044974590E-06
4861 8.164655301152E-06
4864 7.143100779932E-06
4867 7.801487726352E-06
4870 7.471948509516E-06
4873 8.374068280860E-06
4876 1.092422978290E-05
4879 1.073219713574E-05
4882 1.882496687593E-05
4885 1.383616381000E-05
4888 1.098775602554E-05
4891 1.354272632815E-05
4894 1.247872184935E-05
4897 1.379603201203E-05
4900 1.467396274222E-05
4903 1.139240666025E-05
4906 1.060821369237E-05
4909 1.499192992070E-05
4912 1.173451771195E-05
4915 1.101238364093E-05
4918 1.173819621472E-05
4921 1.174040580210E-05
4924 1.137157624920E-05
4927 1.056291667397E-05
4930 8.537500789630E-06
4933 1.096411976739E-05
4936 1.024376250252E-05
4939 8.864544110534E-06
4942 9.781815977518E-06
4945 7.724693555597E-06
4948 7.582701227102E-06
4951 9.473380540223E-06
4954 1.004887907190E-05
4957 1.010996172636E-05
4960 1.072562006356E-05
4963 1.069274501643E-05
4966 1.352959084365E-05
4969 1.195785085719E-05
4972 1.010587026876E-05
4975 9.808549605130E-06
4978 1.030331108580E-05
4981 1.117455449294E-05
4984 1.222321151817E-05
4987 8.375760488913E-06
4990 1.108213048292E-05
4993 9.169445802724E-06
4996 7.729843429449E-06
4999 8.388696082988E-06
5002 1.438374813503E-05
5005 1.068869971033E-05
5008 1.128669138054E-05
5011 1.252525346182E-05
5014 1.310086506629E-05
5017 1.127719634909E-05
5020 1.331259963379E-05
5023 9.378499662789E-06
5026 1.156443076651E-05
5029 7.681288371836E-06
5032 1.053713703396E-05
5035 8.152980479942E-06
5038 8.324522665935E-06
5041 9.476707602831E-06
5044 8.396845721711E-06
5047 1.004183891747E-05
5050 1.182966119203E-05
5053 1.335362896620E-05
5056 1.284780859495E-05
5059 1.190639422450E-05
5062 1.187670171911E-05
5065 1.071127627643E-05
5068 1.282248715369E-05
5071 1.326901221672E-05
5074 1.236287627315E-05
5077 1.476745397483E-05
5080 1.228843693674E-05
5083 1.202657102334E-05
5086 1.090151833753E-05
5089 8.898340982591E-06
5092 1.104307044936E-05
5095 1.104474444490E-05
5098 7.794983340990E-06
5101 1.236697734885E-05
5104 9.865154440624E-06
5107 9.701724212596E-06
5110 1.081780270819E-05
5113 1.152571499467E-05
5116 1.350506594471E-05
5119 9.324105076385E-06
5122 9.287051803416E-06
5125 8.034330808529E-06
5128 1.317119618244E-05
5131 1.054844430106E-05
5134 1.192755485782E-05
5137 1.034006226030E-05
5140 1.345279914733E-05
5143 1.335073360602E-05
5146 1.227091975510E-05
5149 1.201538321334E-05
5152 1.044013556040E-05
5155 1.156495444827E-05
5158 9.711738031061E-06
5161 1.625583705292E-05
5164 1.097123744454E-05
5167 1.172011712858E-05
5170 1.364057170426E-05
5173 9.612318829721E-06
5176 9.143364117862E-06
5179 1.298628985019E-05
5182 1.205501861597E-05
5185 1.198427874710E-05
5188 9.337755906994E-06
5191 9.887991491403E-06
5194 9.078438767499E-06
5197 9.223998583843E-06
5200 1.041846234520E-05
5203 1.136550725378E-05
5206 1.206995779024E-05
5209 1.350215853450E-05
5212 1.574837894811E-05
5215 1.228243433552E-05
5218 1.121307056061E-05
5221 1.262490588504E-05
5224 1.240961237025E-05
5227 1.259118175813E-05
5230 1.019759555267E-05
5233 1.179458578017E-05
5236 1.476609306638E-05
5239 1.005172949623E-05
5242 9.537635783296E-06
5245 9.573040704945E-06
5248 8.283269112817E-06
5251 8.590721282818E-06
5254 7.479602993561E-06
5257 7.727121143240E-06
5260 9.913258927186E-06
5263 1.035276921367E-05
5266 8.612649611248E-06
5269 8.859609567606E-06
5272 1.170604880427E-05
5275 1.706129784273E-05
5278 1.847135901434E-05
5281 1.283383781275E-05
5284 1.345876304981E-05
5287 1.758023354908E-05
5290 1.181138352808E-05
5293 1.374725534154E-05
5296 1.195758800151E-05
5299 9.577288967285E-06
5302 8.980621726425E-06
5305 9.290528378246E-06
5308 1.140722455401E-05
5311 9.730399889471E-06
5314 6.993837878763E-06
5317 8.454745961872E-06
5320 9.539931807457E-06
5323 1.062310096000E-05
5326 9.845807236178E-06
5329 9.571215386739E-06
5332 7.205790244408E-06
5335 1.151971726699E-05
5338 9.480562236145E-06
5341 1.226176427668E-05
5344 1.126667323905E-05
5347 1.130874564225E-05
5350 1.390950240021E-05
5353 1.101680192992E-05
5356 1.064015625308E-05
5359 1.132752075446E-05
5362 1.181592441851E-05
5365 7.746758471894E-06
5368 9.186709703429E-06
5371 9.355906517810E-06
5374 1.201899827076E-05
5377 7.147155411552E-06
5380 7.102060095079E-06
5383 6.330243761540E-06
5386 5.334428580936E-06
5389 7.184387377814E-06
5392 9.569941091844E-06
5395 9.422568864295E-06
5398 1.279935090092E-05
5401 1.169892127601E-05
5404 1.011478480664E-05
5407 1.419079649899E-05
5410 1.138529616129E-05
5413 1.129658146473E-05
5416 8.385789065413E-06
5419 1.108922817553E-05
5422 8.069677335508E-06
5425 8.936751328713E-06
5428 9.322134432483E-06
5431 1.116522468612E-05
5434 8.591624111362E-06
5437 5.973424075035E-06
5440 7.105409188208E-06
5443 6.487394782678E-06
5446 7.843765168342E-06
5449 7.939187276121E-06
5452 7.220755892864E-06
5455 6.130254113107E-06
5458 6.476591745647E-06
5461 9.441080494083E-06
5464 8.368620978190E-06
5467 7.925764168852E-06
5470 7.938982201376E-06
5473 1.030408004486E-05
5476 1.055537682631E-05
5479 8.559010133198E-06
5482 1.493090845820E-05
5485 1.099900239157E-05
5488 9.875103061679E-06
5491 1.336411375846E-05
5494 8.604141589744E-06
5497 8.945027070511E-06
5500 7.914045248741E-06
5503 8.962046920026E-06
5506 6.269652450447E-06
5509 6.163986790938E-06
5512 6.766150267148E-06
5515 7.846951767238E-06
5518 5.462429845717E-06
5521 7.232282544107E-06
5524 5.956774732108E-06
5527 6.992530891691E-06
5530 6.592717152532E-06
5533 9.295751114196E-06
5536 9.562556157433E-06
5539 8.348274704547E-06
5542 9.482899703720E-06
5545 8.462576700105E-06
5548 7.631159326589E-06
5551 7.768872283700E-06
5554 9.337473800825E-06
5557 8.684738444509E-06
5560 9.406870248703E-06
5563 9.708361105343E-06
5566 7.294268379749E-06
5569 1.340874166926E-05
5572 1.035655654329E-05
5575 6.937996585258E-06
5578 7.965164593345E-06
5581 7.391011942124E-06
5584 7.125086638011E-06
5587 5.542300979730E-06
5590 8.005469391867E-06
5593 7.029410779230E-06
5596 6.869974029475E-06
5599 6.438505967714E-06
5602 7.848829721499E-06
5605 9.248297946478E-06
5608 9.383673187412E-06
5611 6.606158174423E-06
5614 8.188845617054E-06
5617 7.475075772847E-06
5620 9.089459708377E-06
5623 8.760748543835E-06
5626 9.381347797319E-06
5629 8.854033181104E-06
5632 1.355679281552E-05
5635 8.922472674578E-06
5638 9.744446697972E-06
5641 1.203069404955E-05
5644 9.649338332957E-06
5647 7.803386003618E-06
5650 8.633705216548E-06
5653 9.709452556451E-06
5656 7.430976351230E-06
5659 6.779044929445E-06
5662 6.504016437865E-06
5665 6.206591381080E-06
5668 6.713544611266E-06
5671 6.975148961523E-06
5674 7.235968487159E-06
5677 6.459201892097E-06
5680 8.405227119514E-06
5683 7.558659734897E-06
5686 1.015372634518E-05
5689 8.376880632072E-06
5692 8.146269898870E-06
5695 8.979626797949E-06
5698 8.545168353024E-06
5701 8.588719161953E-06
5704 9.385715868437E-06
5707 1.143549434404E-05
5710 8.198678526756E-06
5713 8.594961074047E-06
5716 1.052633616559E-05
5719 1.028568273654E-05
5722 1.148602321875E-05
5725 1.006793751012E-05
5728 8.545951911874E-06
5731 7.916191745231E-06
5734 7.213471539276E-06
5737 5.736137869746E-06
5740 5.489376607880E-06
5743 5.561445525468E-06
5746 6.356829596432E-06
5749 4.766502901472E-06
5752 6.989201516408E-06
5755 5.725956703505E-06
5758 6.481436843100E-06
5761 7.992025620372E-06
5764 8.651086805157E-06
5767 6.984218742408E-06
5770 8.854703936943E-06
5773 1.320396814750E-05
5776 1.115109055813E-05
5779 1.319486199038E-05
5782 1.148065314413E-05
5785 9.501190017913E-06
5788 1.138317801979E-05
5791 1.251687515567E-05
5794 9.402797040021E-06
5797 9.083067929180E-06
5800 8.253748774820E-06
5803 8.752941918374E-06
5806 5.774389028966E-06
5809 7.314362799253E-06
5812 7.277365937366E-06
5815 7.519966857918E-06
5818 6.722199938464E-06
5821 6.795887973087E-06
5824 8.328383527840E-06
5827 6.529291064108E-06
5830 8.669367661394E-06
5833 5.421583687096E-06
5836 5.037383139416E-06
5839 6.858894243490E-06
5842 7.166630409452E-06
5845 1.017068780579E-05
5848 1.169748984173E-05
5851 9.751657130693E-06
5854 1.201751415628E-05
5857 1.055540860017E-05
5860 1.002248924490E-05
5863 9.947448198695E-06
5866 8.137545817384E-06
5869 5.903769342312E-06
5872 5.175731832463E-06
5875 6.286781073725E-06
5878 5.153772693398E-06
5881 5.336437287043E-06
5884 5.578433151358E-06
5887 6.235309969354E-06
5890 5.322060639671E-06
5893 6.275638813931E-06
5896 5.905648303393E-06
5899 7.102637492045E-06
5902 9.404800267725E-06
5905 7.776253752360E-06
5908 6.444633101099E-06
5911 1.110278035528E-05
5914 7.521198127127E-06
5917 1.193628603653E-05
5920 6.737838502655E-06
5923 1.009146441910E-05
5926 7.290179252616E-06
5929 8.433472421640E-06
5932 7.519122791602E-06
5935 6.994278366182E-06
5938 6.378674941904E-06
5941 6.699525938673E-06
5944 6.079634113802E-06
5947 5.453781626132E-06
5950 6.748662598156E-06
5953 7.639731940416E-06
5956 7.253150432531E-06
5959 7.285885607287E-06
5962 1.044547261998E-05
5965 7.094150017009E-06
5968 7.953363202047E-06
5971 9.408041650265E-06
5974 8.851748712941E-06
5977 9.611006401872E-06
5980 7.958342346859E-06
5983 1.250492667816E-05
5986 9.664333795939E-06
5989 8.536478533996E-06
5992 1.040849675077E-05
5995 9.370949867550E-06
5998 9.145561775296E-06
6001 8.263170850469E-06
6004 8.402983903482E-06
6007 4.844376690882E-06
6010 6.027138874943E-06
6013 6.707586937228E-06
6016 6.833927059552E-06
6019 1.017722563260E-05
6022 7.596864243977E-06
6025 8.876466387164E-06
6028 6.705545489046E-06
6031 7.588765959701E-06
6034 6.457442609284E-06
6037 7.258106516206E-06
6040 7.647553756105E-06
6043 7.669095837191E-06
6046 9.525524964425E-06
6049 7.451882467601E-06
6052 9.974531218826E-06
6055 8.874321492175E-06
6058 8.247321123913E-06
6061 1.037540328387E-05
6064 8.259258861359E-06
6067 9.477729019088E-06
6070 8.957368465499E-06
6073 7.425825735864E-06
6076 7.749731092673E-06
6079 8.303697660803E-06
6082 6.998695757718E-06
6085 7.578507202788E-06
6088 7.007528304452E-06
6091 7.075919608345E-06
6094 8.040158285317E-06
6097 7.505835859951E-06
6100 6.499161607492E-06
6103 6.050070699640E-06
6106 6.021088917223E-06
6109 7.297856577181E-06
6112 1.065698480922E-05
6115 8.889688619259E-06
6118 9.893246632575E-06
6121 1.020946798956E-05
6124 1.226009184882E-05
6127 8.255149482667E-06
6130 9.588704055494E-06
6133 9.507425666426E-06
6136 8.753227920996E-06
6139 8.097077100128E-06
6142 1.079501423854E-05
6145 7.346099946022E-06
6148 9.155781192581E-06
6151 7.992358200851E-06
6154 5.883395629038E-06
6157 6.310275705955E-06
6160 7.271018307340E-06
6163 6.867621712011E-06
6166 5.867380036914E-06
6169 6.518324203880E-06
6172 6.373713177728E-06
6175 5.159306455879E-06
6178 4.828761121594E-06
6181 5.827257226860E-06
6184 4.470692247958E-06
6187 5.818336171667E-06
6190 8.735583412769E-06
6193 8.463516314705E-06
6196 7.651468781488E-06
6199 6.901117942691E-06
6202 9.765609968195E-06
6205 8.249617250864E-06
6208 1.010716411899E-05
6211 9.556913147892E-06
6214 9.360720073995E-06
6217 6.781161056087E-06
6220 7.986681674506E-06
6223 9.384896066022E-06
6226 9.486034890389E-06
6229 8.284123089409E-06
6232 7.539758695979E-06
6235 7.916952512880E-06
6238 8.624729031846E-06
6241 1.067744160725E-05
6244 7.430892657496E-06
6247 7.804931976302E-06
6250 6.979087289409E-06
6253 5.061178339097E-06
6256 6.745247354415E-06
6259 8.833471901615E-06
6262 6.563907259581E-06
6265 7.396094526922E-06
6268 6.929664171448E-06
6271 6.320668847627E-06
6274 7.504303285821E-06
6277 5.834440645325E-06
6280 9.876697983199E-06
6283 7.989728340218E-06
6286 6.856806971743E-06
6289 8.583106632792E-06
6292 1.153708654620E-05
6295 7.392127495242E-06
6298 7.218830506396E-06
6301 7.455350667363E-06
6304 7.666074291678E-06
6307 8.127787643331E-06
6310 7.408101711434E-06
6313 7.405947071598E-06
6316 6.741817709726E-06
6319 6.634108993729E-06
6322 8.077220522556E-06
6325 6.082350301973E-06
6328 6.054026899993E-06
6331 1.161489207066E-05
6334 7.516866549890E-06
6337 6.599971025106E-06
6340 6.093284056693E-06
6343 6.385250308992E-06
6346 6.884592845810E-06
6349 5.613742113883E-06
6352 5.315753214574E-06
6355 6.939918650753E-06
6358 6.473910397705E-06
6361 7.179784633768E-06
6364 7.294533992181E-06
6367 7.139957179946E-06
6370 7.734506150104E-06
6373 9.817768514027E-06
6376 6.242477121872E-06
6379 8.361218193950E-06
6382 8.004230747507E-06
6385 7.691362241484E-06
6388 6.572628650197E-06
6391 6.784298806076E-06
6394 7.130770227180E-06
6397 8.649077146614E-06
6400 9.854973484020E-06
6403 8.749264253897E-06
6406 8.438303137136E-06
6409 7.722653611421E-06
6412 9.766604764207E-06
6415 6.829555884990E-06
6418 6.532576424333E-06
6421 5.735492843669E-06
6424 6.728820637508E-06
6427 7.227101001400E-06
6430 9.912083922807E-06
6433 7.220325584494E-06
6436 4.936542384500E-06
6439 5.617025413698E-06
6442 6.136273534491E-06
6445 5.914084910979E-06
6448 5.827515943481E-06
6451 8.571355631458E-06
6454 7.564646529447E-06
6457 1.036397245451E-05
6460 7.266907378053E-06
6463 8.404981462266E-06
6466 9.146324499540E-06
6469 9.538419271570E-06
6472 9.884060309644E-06
6475 8.481598899388E-06
6478 7.094745713274E-06
6481 7.697265651907E-06
6484 8.741130696560E-06
6487 6.760031422317E-06
6490 7.698577119202E-06
6493 5.754839170842E-06
6496 5.351757711612E-06
6499 8.248686752493E-06
6502 7.257052137829E-06
6505 8.291709503214E-06
6508 5.730875729041E-06
6511 6.314753387866E-06
6514 7.462455194513E-06
6517 7.226597240713E-06
6520 5.964237044987E-06
6523 5.276345392488E-06
6526 6.117905309966E-06
6529 8.265479140451E-06
6532 7.371379036332E-06
6535 7.810054504261E-06
6538 7.829760224153E-06
6541 9.523628125975E-06
6544 8.518149426628E-06
6547 8.651118848701E-06
6550 6.099505454415E-06
6553 6.777368146333E-06
6556 5.854014114407E-06
6559 5.636265741730E-06
6562 5.162203558035E-06
6565 5.968204777277E-06
6568 4.668509289732E-06
6571 6.097875235170E-06
6574 6.837096392343E-06
6577 6.625031523753E-06
6580 6.313002583377E-06
6583 6.396065293370E-06
6586 7.369320489833E-06
6589 7.889875274732E-06
6592 6.643472193985E-06
6595 5.934638218739E-06
6598 6.829248452384E-06
6601 8.326482992227E-06
6604 6.307052557010E-06
6607 6.548560416239E-06
6610 7.072162903914E-06
6613 4.680535144425E-06
6616 4.809758325811E-06
6619 4.266549876577E-06
6622 4.724791510008E-06
6625 6.807869719693E-06
6628 6.823977930626E-06
6631 7.179170159988E-06
6634 5.789476347721E-06
6637 6.292700743076E-06
6640 5.626776552734E-06
6643 4.296066337298E-06
6646 5.931941800556E-06
6649 7.610574487243E-06
6652 9.665028806745E-06
6655 6.979456880138E-06
6658 8.562473045727E-06
6661 7.222520526515E-06
6664 6.018905899569E-06
6667 5.600383619014E-06
6670 6.698201130229E-06
6673 5.979998911349E-06
6676 6.010548166276E-06
6679 4.875511434249E-06
6682 4.752140743892E-06
6685 5.987918080538E-06
6688 4.009389005395E-06
6691 4.239236894019E-06
6694 4.156470960404E-06
6697 4.913033048284E-06
6700 5.426425570731E-06
6703 6.368421266006E-06
6706 5.916608539520E-06
6709 6.134369142118E-06
6712 8.309861373009E-06
6715 6.295512589443E-06
6718 5.891483383290E-06
6721 6.398359787924E-06
6724 8.679365792494E-06
6727 6.934619893773E-06
6730 7.216213651488E-06
6733 7.064710548926E-06
6736 6.926396876025E-06
6739 6.741183031009E-06
6742 5.808279030565E-06
6745 5.374631086523E-06
6748 6.321783367417E-06
6751 5.899432828502E-06
6754 6.521748400012E-06
6757 5.346328152830E-06
6760 5.543790382521E-06
6763 5.438983959309E-06
6766 5.433792220556E-06
6769 4.565650716273E-06
6772 5.952985442030E-06
6775 4.933105697837E-06
6778 4.578887275629E-06
6781 5.781896120026E-06
6784 6.353738952896E-06
6787 6.920983936532E-06
6790 6.788533095652E-06
6793 7.656462491248E-06
6796 9.199690985799E-06
6799 1.046822152378E-05
6802 7.259657618997E-06
6805 8.800203864642E-06
6808 6.050080025190E-06
6811 4.194230365661E-06
6814 4.439617949175E-06
6817 4.792655704812E-06
6820 4.908908967932E-06
6823 4.836426917139E-06
6826 5.163555548142E-06
6829 4.874565971531E-06
6832 4.504195711777E-06
6835 4.637574785608E-06
6838 5.103764187399E-06
6841 7.760823935530E-06
6844 8.113077926393E-06
6847 6.688112629095E-06
6850 7.275338321209E-06
6853 7.757845887704E-06
6856 9.406160468282E-06
6859 9.740970840402E-06
6862 7.383986474528E-06
6865 6.634859672799E-06
6868 7.268893320639E-06
6871 6.344985558053E-06
6874 6.009730206471E-06
6877 7.252619096979E-06
6880 4.923727980928E-06
6883 5.950296710457E-06
6886 5.856984056192E-06
6889 7.552295761637E-06
6892 4.606312265399E-06
6895 4.728992830162E-06
6898 5.384673385915E-06
6901 5.941692372375E-06
6904 6.163404257434E-06
6907 6.198594183900E-06
6910 6.852445928139E-06
6913 6.979127633834E-06
6916 5.259537833234E-06
6919 6.363296099818E-06
6922 5.909049234534E-06
6925 6.881621314227E-06
6928 7.364235718361E-06
6931 6.721681433970E-06
6934 6.853134617970E-06
6937 6.462813010555E-06
6940 6.633250782540E-06
6943 7.475367361487E-06
6946 6.065283654500E-06
6949 4.711607935879E-06
6952 6.402317098364E-06
6955 4.767671439074E-06
6958 5.573106619490E-06
6961 6.343992653755E-06
6964 6.175111167370E-06
6967 5.963571852133E-06
6970 8.384353208992E-06
6973 6.508184079511E-06
6976 8.074862637565E-06
6979 7.123016415098E-06
6982 5.556793784008E-06
6985 5.896932073184E-06
6988 5.648340179972E-06
6991 6.277084165466E-06
6994 5.707368626124E-06
6997 6.929251954729E-06
7000 5.449780669786E-06
7003 4.924890144091E-06
7006 5.236542192746E-06
7009 5.173267455798E-06
7012 4.882700270529E-06
7015 4.989158879890E-06
7018 5.650854495594E-06
7021 5.100451300442E-06
7024 5.554179654738E-06
7027 6.956133294018E-06
7030 6.784171537970E-06
7033 5.055230955998E-06
7036 4.913031087258E-06
7039 6.323399254288E-06
7042 5.584559439649E-06
7045 7.127188704198E-06
7048 4.897703836731E-06
7051 4.702757771605E-06
7054 6.869115654776E-06
7057 4.445786192731E-06
7060 4.961881785935E-06
7063 5.011175976431E-06
7066 5.028241877345E-06
7069 4.986696818670E-06
7072 5.839723548283E-06
7075 6.375097708487E-06
7078 6.189568868082E-06
7081 4.987974742526E-06
7084 4.491768996714E-06
7087 3.774331202376E-06
7090 4.985204522507E-06
7093 5.152702043319E-06
7096 5.005578714963E-06
7099 4.568490348162E-06
7102 5.354771329537E-06
7105 4.595007411852E-06
7108 6.386561042224E-06
7111 6.121499041186E-06
7114 4.897797472820E-06
7117 5.979284488626E-06
7120 6.167987473758E-06
7123 5.628940590056E-06
7126 4.655970065839E-06
7129 5.158907178008E-06
7132 5.813572300348E-06
7135 7.188712259191E-06
7138 6.875440117809E-06
7141 6.985265666231E-06
7144 7.709590184487E-06
7147 6.263287682212E-06
7150 6.245299357722E-06
7153 5.622334316791E-06
7156 4.988736531328E-06
7159 5.183509931599E-06
7162 3.930731486843E-06
7165 4.760135295549E-06
7168 4.083921680525E-06
7171 5.457866791415E-06
7174 3.846343842684E-06
7177 4.602846115559E-06
7180 3.939612379274E-06
7183 4.199096580613E-06
7186 4.870690776208E-06
7189 5.149741033033E-06
7192 4.206477312084E-06
7195 6.017255259373E-06
7198 5.430346151644E-06
7201 5.902077475802E-06
7204 4.612234562021E-06
7207 7.352099914303E-06
7210 5.589058027829E-06
7213 6.850285911469E-06
7216 4.982691741483E-06
7219 5.642322141322E-06
7222 6.555246933831E-06
7225 5.756285078883E-06
7228 5.690617917672E-06
7231 4.476070143227E-06
7234 4.899650999825E-06
7237 5.821010588602E-06
7240 7.467881477060E-06
7243 5.420886047021E-06
7246 4.427519477289E-06
7249 4.849611944004E-06
7252 3.896577879499E-06
7255 4.037262971159E-06
7258 4.720757155233E-06
7261 4.319910414774E-06
7264 5.209863413458E-06
7267 4.452984425662E-06
7270 4.318609235152E-06
7273 6.366550540343E-06
7276 5.353748127022E-06
7279 6.237271533801E-06
7282 6.556582143604E-06
7285 5.369012051396E-06
7288 5.361457331362E-06
7291 5.144194564518E-06
7294 5.117583586440E-06
7297 4.204927362719E-06
7300 5.573728928899E-06
7303 6.417724468137E-06
7306 5.592149100066E-06
7309 5.387039090575E-06
7312 5.147256751943E-06
7315 4.811866722287E-06
7318 5.161721430531E-06
7321 4.269662873866E-06
7324 2.946528034787E-06
7327 3.823599381846E-06
7330 3.389515936208E-06
7333 4.281208903566E-06
7336 5.107137270234E-06
7339 6.143358535730E-06
7342 5.250553997926E-06
7345 7.254784124409E-06
7348 5.458163787232E-06
7351 7.564251114389E-06
7354 5.590939187867E-06
7357 7.218528404221E-06
7360 6.642071398419E-06
7363 6.797759048511E-06
7366 6.924091811931E-06
7369 6.757429791442E-06
7372 5.694114533100E-06
7375 5.565740728753E-06
7378 2.921961713196E-06
7381 3.263683671546E-06
7384 4.741178373560E-06
7387 3.735617770820E-06
7390 4.370580200501E-06
7393 4.158791744134E-06
7396 4.688437962720E-06
7399 5.540780832189E-06
7402 4.315052173313E-06
7405 3.537712151217E-06
7408 3.566282824420E-06
7411 5.027592031480E-06
7414 5.299877960821E-06
7417 5.645085651339E-06
7420 6.756854004836E-06
7423 5.853027981062E-06
7426 5.797366505241E-06
7429 5.867904182000E-06
7432 6.247184212361E-06
7435 4.461580935707E-06
7438 5.313097663382E-06
7441 4.387990871144E-06
7444 4.894472985201E-06
7447 4.008314850519E-06
7450 4.376589661447E-06
7453 4.477173715495E-06
7456 3.560304980823E-06
7459 4.948445443847E-06
7462 3.537650225205E-06
7465 4.358645905945E-06
7468 3.305870232471E-06
7471 4.019621065124E-06
7474 3.751833042163E-06
7477 4.209568778948E-06
7480 4.823109302052E-06
7483 4.000421170719E-06
7486 5.694596025338E-06
7489 4.676020038427E-06
7492 5.327184627138E-06
7495 4.232957605529E-06
7498 4.174957631372E-06
7501 3.820111049049E-06
7504 3.508600339822E-06
7507 4.120931240059E-06
7510 4.405650999571E-06
7513 5.305008461168E-06
7516 3.954505392569E-06
7519 6.673516370832E-06
7522 4.834333432918E-06
7525 5.505302596579E-06
7528 4.389224908056E-06
7531 5.585793440623E-06
7534 5.277354844211E-06
7537 4.707809468129E-06
7540 4.217177643356E-06
7543 3.914209532143E-06
7546 3.515693897947E-06
7549 4.231254429378E-06
7552 3.393717069097E-06
7555 2.681826751189E-06
7558 4.020399925314E-06
7561 3.692033952435E-06
7564 2.752877822901E-06
7567 4.111777294371E-06
7570 3.806618341596E-06
7573 4.926978518518E-06
7576 3.880404939546E-06
7579 4.427421211003E-06
7582 4.318310853593E-06
7585 4.276521026760E-06
7588 2.989643273267E-06
7591 3.009905992453E-06
7594 3.081195545399E-06
7597 4.319262190074E-06
7600 3.298226669603E-06
7603 3.948976183502E-06
7606 3.724835959453E-06
7609 5.149447340430E-06
7612 4.549762391181E-06
7615 6.114443350356E-06
7618 7.957563774635E-06
7621 6.256279957511E-06
7624 5.026840467327E-06
7627 3.737170345799E-06
7630 3.775687931179E-06
7633 3.894497092034E-06
7636 3.008870922095E-06
7639 3.976951825773E-06
7642 3.530419696454E-06
7645 3.205292603971E-06
7648 2.908921224227E-06
7651 3.506200907469E-06
7654 3.350196839084E-06
7657 2.799539638211E-06
7660 3.201684642328E-06
7663 3.338391217492E-06
7666 4.271357900980E-06
7669 5.967879998874E-06
7672 4.596449651836E-06
7675 5.272577358658E-06
7678 6.123339818650E-06
7681 7.312539649803E-06
7684 5.046465502876E-06
7687 4.915922541139E-06
7690 3.602262853735E-06
7693 3.321874103779E-06
7696 3.537502717333E-06
7699 4.422848593195E-06
7702 3.141850729950E-06
7705 3.611689277275E-06
7708 3.943603346119E-06
7711 3.061477282971E-06
7714 2.896594266293E-06
7717 2.627526302363E-06
7720 2.992808219575E-06
7723 2.833042084227E-06
7726 3.606808159804E-06
7729 3.409631420964E-06
7732 3.652182322117E-06
7735 3.686590745565E-06
7738 4.070205033068E-06
7741 4.490041967885E-06
7744 4.268431591879E-06
7747 4.629488409987E-06
7750 3.966400038766E-06
7753 5.718905771092E-06
7756 6.441815261188E-06
7759 5.325408479191E-06
7762 4.251317083134E-06
7765 3.678569515551E-06
7768 4.097529352604E-06
7771 3.937383650815E-06
7774 4.064074043133E-06
7777 3.734141786739E-06
7780 3.639890277405E-06
7783 2.876205382531E-06
7786 2.424219258975E-06
7789 2.860208426741E-06
7792 2.308717428156E-06
7795 2.448722810665E-06
7798 3.060937714412E-06
7801 4.419847023165E-06
7804 4.169120040544E-06
7807 5.768987805255E-06
7810 4.565256536949E-06
7813 4.598057270080E-06
7816 5.828087864022E-06
7819 6.775145935377E-06
7822 5.105189534625E-06
7825 3.438401319060E-06
7828 3.339130824263E-06
7831 3.978799209798E-06
7834 3.007856822081E-06
7837 3.397705606801E-06
7840 3.392663262757E-06
7843 3.260470851660E-06
7846 3.732492031074E-06
7849 3.638165396313E-06
7852 3.195552173967E-06
7855 3.585025815065E-06
7858 3.383022825446E-06
7861 3.147523107678E-06
7864 3.496644177864E-06
7867 3.028634027123E-06
7870 3.132907140693E-06
7873 2.981417117456E-06
7876 2.784376191420E-06
7879 3.251891089248E-06
7882 3.518420659760E-06
7885 3.821047780626E-06
7888 4.859758300022E-06
7891 4.737699379752E-06
7894 3.966876732198E-06
7897 4.271147830065E-06
7900 4.191048716449E-06
7903 4.737869670644E-06
7906 4.824004820655E-06
7909 4.992037131664E-06
7912 5.076831746870E-06
7915 2.748616024354E-06
7918 2.419664134881E-06
7921 2.124177957366E-06
7924 2.461030807626E-06
7927 2.055617574290E-06
7930 2.278491592545E-06
7933 2.415036244154E-06
7936 2.747212026598E-06
7939 2.988520880750E-06
7942 3.441696353991E-06
7945 4.372597409995E-06
7948 3.644697535241E-06
7951 4.614838003742E-06
7954 3.164842192845E-06
7957 4.270235567882E-06
7960 3.215084636141E-06
7963 4.162893067221E-06
7966 3.193630139706E-06
7969 3.730032316968E-06
7972 3.556600793653E-06
7975 3.616648255526E-06
7978 3.193539092551E-06
7981 4.472040331811E-06
7984 2.738710640791E-06
7987 3.437765565234E-06
7990 2.483823520040E-06
7993 2.959222214376E-06
7996 2.548624632933E-06
7999 2.953486307453E-06
8002 2.562642571231E-06
8005 2.297795863371E-06
8008 2.728853265780E-06
8011 4.043979867697E-06
8014 2.583464204056E-06
8017 3.876658421628E-06
8020 2.834920978591E-06
8023 3.478057621088E-06
8026 3.683678098069E-06
8029 3.309914206745E-06
8032 4.190778360380E-06
8035 3.530693858827E-06
8038 3.578019688428E-06
8041 3.021354586430E-06
8044 3.209147288743E-06
8047 3.110243236214E-06
8050 2.955033273330E-06
8053 2.397753841021E-06
8056 2.606589424298E-06
8059 2.858875327933E-06
8062 2.623390403824E-06
8065 2.350434330862E-06
8068 2.129982259085E-06
8071 3.450042183115E-06
8074 2.918673833951E-06
8077 3.272265088937E-06
8080 3.452506994310E-06
8083 3.235847895399E-06
8086 3.532898421292E-06
8089 4.819828505361E-06
8092 3.236369376778E-06
8095 3.251657945895E-06
8098 3.159677665086E-06
8101 2.394898442054E-06
8104 2.872801585121E-06
8107 2.253893387080E-06
8110 2.789016122562E-06
8113 2.748050023065E-06
8116 2.863368102620E-06
8119 3.008761316672E-06
8122 2.767189724480E-06
8125 2.620030562528E-06
8128 3.207049105569E-06
8131 2.089571174017E-06
8134 2.999938490506E-06
8137 2.545352196168E-06
8140 2.490450203673E-06
8143 2.429256785074E-06
8146 3.665225372691E-06
8149 4.401909542434E-06
8152 4.978386543086E-06
8155 3.901028168566E-06
8158 4.159079866504E-06
8161 2.556351738723E-06
8164 2.881679549850E-06
8167 2.258420375718E-06
8170 2.437433117138E-06
8173 2.383002509581E-06
8176 2.080265314354E-06
8179 2.138243444367E-06
8182 1.896441038090E-06
8185 2.300435593625E-06
8188 2.330472047757E-06
8191 2.232196525256E-06
8194 2.104214188388E-06
8197 3.072042425496E-06
8200 2.929143790274E-06
8203 2.436214199850E-06
8206 2.726617637967E-06
8209 2.695308347208E-06
8212 1.957967898015E-06
8215 2.523346616730E-06
8218 3.332005658588E-06
8221 4.140478322491E-06
8224 3.510560306703E-06
8227 3.685499884050E-06
8230 3.036182179760E-06
8233 2.975244477786E-06
8236 2.157544491507E-06
8239 2.743889391071E-06
8242 2.253012127541E-06
8245 2.219409470648E-06
8248 2.677196525656E-06
8251 2.491583584773E-06
8254 2.512821817886E-06
8257 2.328487663043E-06
8260 1.780604594712E-06
8263 2.119235992034E-06
8266 2.481838872917E-06
8269 2.868537922849E-06
8272 2.610836675350E-06
8275 2.095223247069E-06
8278 2.408876074437E-06
8281 1.989615655300E-06
8284 2.302184499062E-06
8287 2.607865843783E-06
8290 4.071151033522E-06
8293 2.457524330548E-06
8296 3.049508305632E-06
8299 2.545381716310E-06
8302 3.006997696849E-06
8305 2.060628371438E-06
8308 2.401527862140E-06
8311 2.185750102319E-06
8314 2.768395628743E-06
8317 2.539186825230E-06
8320 2.553042539303E-06
8323 2.271277066028E-06
8326 2.186869365204E-06
8329 1.917092589551E-06
8332 2.085531061693E-06
8335 1.784335409551E-06
8338 1.970349804881E-06
8341 2.002555200902E-06
8344 2.211940949292E-06
8347 2.530698421360E-06
8350 1.922632625147E-06
8353 2.763797629939E-06
8356 2.526792767918E-06
8359 4.025331045172E-06
8362 2.854994145644E-06
8365 3.812971828776E-06
8368 2.782320266146E-06
8371 2.622927599189E-06
8374 3.381857218190E-06
8377 2.894124469736E-06
8380 3.430822146685E-06
8383 3.157247980040E-06
8386 2.833848945445E-06
8389 2.717366663164E-06
8392 2.550267302737E-06
8395 1.915464758400E-06
8398 1.821682615489E-06
8401 1.619487590226E-06
8404 2.162215799157E-06
8407 1.867758479850E-06
8410 2.368778608138E-06
8413 1.874284535635E-06
8416 2.206660131881E-06
8419 2.312085805069E-06
8422 2.126405946824E-06
8425 2.380507034473E-06
8428 3.638328547589E-06
8431 2.698257263558E-06
8434 2.981761619630E-06
8437 3.844399446331E-06
8440 3.457836938392E-06
8443 4.157682441805E-06
8446 3.788678882248E-06
8449 3.518842788016E-06
8452 2.755044669512E-06
8455 2.279064008581E-06
8458 2.652644133488E-06
8461 2.711775608328E-06
8464 2.257271126419E-06
8467 2.211072571375E-06
8470 1.922051873131E-06
8473 2.396191042082E-06
8476 2.972906410147E-06
8479 2.780949996898E-06
8482 3.243491830239E-06
8485 3.127573012420E-06
8488 2.505145615603E-06
8491 3.111702391429E-06
8494 2.232141479346E-06
8497 2.812481080507E-06
8500 2.503143689888E-06
8503 2.992743608685E-06
8506 2.385175922184E-06
8509 2.432482099831E-06
8512 3.245754152674E-06
8515 3.073237820654E-06
8518 3.031541428218E-06
8521 3.368781518007E-06
8524 3.229556329265E-06
8527 3.445334458850E-06
8530 2.400895389974E-06
8533 2.946082215323E-06
8536 2.466734846749E-06
8539 2.507526529500E-06
8542 1.878305587913E-06
8545 2.557855557011E-06
8548 2.418319456963E-06
8551 2.627473942727E-06
8554 3.525277399432E-06
8557 3.110471153815E-06
8560 2.786536762795E-06
8563 4.064338218523E-06
8566 3.998958698299E-06
8569 2.993158215123E-06
8572 3.338184768997E-06
8575 3.540989868770E-06
8578 2.637723782626E-06
8581 3.212898374645E-06
8584 2.607890210545E-06
8587 3.073348361179E-06
8590 3.058820814156E-06
8593 2.368035453621E-06
8596 2.656505605177E-06
8599 3.324168720631E-06
8602 3.008715682990E-06
8605 2.754141687401E-06
8608 2.986016933461E-06
8611 2.302447056551E-06
8614 2.642223222145E-06
8617 2.664773475393E-06
8620 2.682696399645E-06
8623 3.243841735595E-06
8626 2.128626457247E-06
8629 2.354334560526E-06
8632 2.295917387005E-06
8635 2.828821572982E-06
8638 4.239993674704E-06
8641 3.497359853230E-06
8644 4.275840480154E-06
8647 3.774169743400E-06
8650 5.109204423542E-06
8653 3.401715755877E-06
8656 3.413330670470E-06
8659 3.053150010450E-06
8662 2.847621036081E-06
8665 2.641667385580E-06
8668 2.339294464517E-06
8671 1.979694542132E-06
8674 2.001609249490E-06
8677 2.654209136914E-06
8680 2.941886838670E-06
8683 2.585226743758E-06
8686 2.158283109459E-06
8689 2.788373706921E-06
8692 2.455949866715E-06
8695 2.808113220076E-06
8698 2.433497250091E-06
8701 2.619544540352E-06
8704 3.917334569428E-06
8707 2.529750619971E-06
8710 3.725047912451E-06
8713 5.114194078460E-06
8716 5.207373889944E-06
8719 4.800392575618E-06
8722 3.896180951090E-06
8725 3.865800791083E-06
8728 2.681292435567E-06
8731 3.661202249235E-06
8734 3.408235549211E-06
8737 3.447597467531E-06
8740 2.191602655321E-06
8743 3.037078349919E-06
8746 2.768826558971E-06
8749 2.659283144532E-06
8752 1.912058487805E-06
8755 2.727365903671E-06
8758 2.904333233168E-06
8761 3.080378861036E-06
8764 3.618781144410E-06
8767 5.201244378241E-06
8770 4.367002217413E-06
8773 3.797705961854E-06
8776 4.960312526020E-06
8779 3.873245466880E-06
8782 3.165695524722E-06
8785 2.982984420028E-06
8788 3.141380950016E-06
8791 2.897926265037E-06
8794 2.642844021443E-06
8797 2.614071457900E-06
8800 3.174681512640E-06
8803 2.690598233556E-06
8806 3.473308261149E-06
8809 2.630649410894E-06
8812 3.009267742036E-06
8815 2.427611731549E-06
8818 2.907506122365E-06
8821 2.628890578326E-06
8824 2.780121466596E-06
8827 2.561623919123E-06
8830 3.110906826671E-06
8833 2.489374675010E-06
8836 2.961323453706E-06
8839 3.019857842570E-06
8842 2.967849250767E-06
8845 3.142554280995E-06
8848 4.288771900999E-06
8851 3.029429611735E-06
8854 3.060953193689E-06
8857 3.002354960440E-06
8860 3.190809230190E-06
8863 3.384178740940E-06
8866 3.133674781736E-06
8869 3.853408837621E-06
8872 3.284226129214E-06
8875 3.644411516767E-06
8878 2.722427044569E-06
8881 3.088492251432E-06
8884 2.367449406235E-06
8887 2.738890227995E-06
8890 2.705912246319E-06
8893 3.014025259450E-06
8896 2.869057373968E-06
8899 3.794162202701E-06
8902 2.776941597403E-06
8905 3.973865262419E-06
8908 2.496025837370E-06
8911 2.373949201450E-06
8914 2.827987331705E-06
8917 2.611402253901E-06
8920 2.148909974744E-06
8923 3.006382784710E-06
8926 2.472003730148E-06
8929 2.798591651826E-06
8932 3.282078265477E-06
8935 3.265461905872E-06
8938 2.969518145783E-06
8941 3.083957967172E-06
8944 2.911168393798E-06
8947 3.155912888542E-06
8950 3.390952390684E-06
8953 2.857330614170E-06
8956 3.062664040550E-06
8959 2.655327916895E-06
8962 2.476810242274E-06
8965 2.294336543775E-06
8968 3.485156523979E-06
8971 2.321317137088E-06
8974 2.228497497869E-06
8977 2.077099167125E-06
8980 3.293494291330E-06
8983 2.275539729287E-06
8986 3.070644517244E-06
8989 3.361104153029E-06
8992 2.770012448211E-06
8995 3.359812236419E-06
8998 2.631627829851E-06
9001 2.680795837896E-06
9004 3.603776580106E-06
9007 3.415223558362E-06
9010 3.728831462019E-06
9013 3.332801453011E-06
9016 3.165631040150E-06
9019 3.511887690745E-06
9022 2.988271652150E-06
9025 3.280300355106E-06
9028 3.333687268155E-06
9031 2.622851685720E-06
9034 2.489372286559E-06
9037 2.994105693992E-06
9040 3.851961525726E-06
9043 3.029530375200E-06
9046 3.527031276308E-06
9049 3.260500994367E-06
9052 3.258500968147E-06
9055 2.901847753397E-06
9058 2.598254252591E-06
9061 2.819536836025E-06
9064 2.314676973532E-06
9067 2.452163213703E-06
9070 2.260046025797E-06
9073 2.298500488571E-06
9076 2.338021516884E-06
9079 3.163915667557E-06
9082 2.475565370847E-06
9085 3.647441253804E-06
9088 2.169649913988E-06
9091 2.568455405623E-06
9094 3.007357712579E-06
9097 3.013537864602E-06
9100 2.866057635684E-06
9103 2.956825404207E-06
9106 4.078104794129E-06
9109 3.893999316960E-06
9112 4.387176304016E-06
9115 4.379230825976E-06
9118 3.599543705810E-06
9121 3.467230583993E-06
9124 3.134981674310E-06
9127 3.016605314858E-06
9130 2.512644479303E-06
9133 2.683847231501E-06
9136 2.391653631349E-06
9139 2.461571528922E-06
9142 3.155306346594E-06
9145 2.508541535783E-06
9148 3.674518479354E-06
9151 2.799233074152E-06
9154 3.053117493543E-06
9157 3.109789618838E-06
9160 3.500681469568E-06
9163 4.291825453997E-06
9166 3.662071401176E-06
9169 3.689701193742E-06
9172 3.389513565227E-06
9175 3.398258332899E-06
9178 4.819367474410E-06
9181 2.810135745007E-06
9184 2.500688084984E-06
9187 2.640207214845E-06
9190 2.289404732500E-06
9193 2.325991692249E-06
9196 2.539767538794E-06
9199 2.678414921951E-06
9202 2.559989929485E-06
9205 1.920216762983E-06
9208 2.398534671101E-06
9211 2.815807590233E-06
9214 3.523028073785E-06
9217 4.139220301030E-06
9220 3.884998505902E-06
9223 4.008825622159E-06
9226 3.485707359274E-06
9229 3.364488381190E-06
9232 2.645951576012E-06
9235 3.207076300498E-06
9238 3.907736017869E-06
9241 3.818667265318E-06
9244 4.552875567371E-06
9247 4.242304174622E-06
9250 3.670058723578E-06
9253 2.973017240377E-06
9256 2.418642116560E-06
9259 2.698682267568E-06
9262 2.932891777701E-06
9265 2.034848337394E-06
9268 2.074204243796E-06
9271 2.557048977179E-06
9274 2.391845084388E-06
9277 3.336256425579E-06
9280 2.913360893003E-06
9283 2.836579576145E-06
9286 2.629605019534E-06
9289 3.798853173254E-06
9292 2.580045167042E-06
9295 2.905496135482E-06
9298 2.900011775351E-06
9301 2.368228523415E-06
9304 2.894670242551E-06
9307 2.830731542660E-06
9310 2.354260199125E-06
9313 3.163192823564E-06
9316 3.425062476195E-06
9319 2.534785411882E-06
9322 3.483775863947E-06
9325 3.580874952044E-06
9328 4.235365806872E-06
9331 3.005893458620E-06
9334 3.464483535719E-06
9337 3.282359155159E-06
9340 2.890190121452E-06
9343 2.787223085803E-06
9346 2.273817432183E-06
9349 2.746883385103E-06
9352 2.171404131059E-06
9355 2.771404741504E-06
9358 2.440963418295E-06
9361 2.378741999595E-06
9364 2.144144920219E-06
9367 3.491946458355E-06
9370 3.636417909620E-06
9373 2.883338302606E-06
9376 3.200608936906E-06
9379 3.052947603681E-06
9382 3.298609220336E-06
9385 4.186860828223E-06
9388 3.332583217299E-06
9391 3.237853518045E-06
9394 3.567818612320E-06
9397 3.125811475507E-06
9400 3.327489739688E-06
9403 3.358799187812E-06
9406 3.019513796692E-06
9409 3.085143968191E-06
9412 3.613029945582E-06
9415 3.696147039351E-06
9418 2.141795148395E-06
9421 2.531215705974E-06
9424 2.142161961709E-06
9427 2.620232463289E-06
9430 2.532362652778E-06
9433 3.171397794267E-06
9436 2.476080174600E-06
9439 2.968522297948E-06
9442 2.871352246935E-06
9445 2.695535951872E-06
9448 2.485508257645E-06
9451 3.938766915502E-06
9454 3.115484553062E-06
9457 3.788699882925E-06
9460 3.513973294727E-06
9463 3.631413090747E-06
9466 4.923911327246E-06
9469 3.300270208541E-06
9472 3.916997647244E-06
9475 2.989428856430E-06
9478 2.604895739250E-06
9481 3.621675759388E-06
9484 3.019350176270E-06
9487 2.552338190682E-06
9490 3.008251417100E-06
9493 1.797228530854E-06
9496 2.815489816891E-06
9499 2.092772801898E-06
9502 2.634572485383E-06
9505 2.873675858844E-06
9508 3.686251636431E-06
9511 3.562861012183E-06
9514 3.813213019451E-06
9517 4.439267804327E-06
9520 4.380437174143E-06
9523 3.850469289065E-06
9526 4.319338248999E-06
9529 3.062603734552E-06
9532 4.250273521416E-06
9535 3.731930963078E-06
9538 3.153401912488E-06
9541 3.341120090791E-06
9544 3.693483044490E-06
9547 3.387994481866E-06
9550 2.536643490141E-06
9553 2.410367986417E-06
9556 2.255033518708E-06
9559 2.094191473311E-06
9562 2.193022415177E-06
9565 2.172589705809E-06
9568 1.869729925028E-06
9571 2.432439152079E-06
9574 2.303730797833E-06
9577 2.998711725313E-06
9580 2.923272551539E-06
9583 3.386895629307E-06
9586 3.953002533571E-06
9589 3.269790399044E-06
9592 3.962643400263E-06
9595 3.549546723279E-06
9598 3.044849395372E-06
9601 3.352143033593E-06
9604 3.681633459161E-06
9607 3.068319703322E-06
9610 3.002393045553E-06
9613 3.003681430293E-06
9616 3.223486500186E-06
9619 2.938093129164E-06
9622 3.373008743023E-06
9625 3.401804455891E-06
9628 3.088032350370E-06
9631 2.332093534177E-06
9634 2.830134967972E-06
9637 2.501181469090E-06
9640 2.110083904145E-06
9643 1.855535828096E-06
9646 2.663396009492E-06
9649 2.061447081732E-06
9652 2.857460293815E-06
9655 2.332378604782E-06
9658 2.612892735900E-06
9661 2.289746347262E-06
9664 3.109590311581E-06
9667 2.731308803583E-06
9670 2.895882863238E-06
9673 3.862479435795E-06
9676 2.601367305867E-06
9679 2.235477393370E-06
9682 2.818393069610E-06
9685 2.211681268959E-06
9688 2.362017187131E-06
9691 2.412690372323E-06
9694 2.331874029437E-06
9697 3.153008214889E-06
9700 2.997323616201E-06
9703 3.319417845669E-06
9706 3.187865908904E-06
9709 2.797551991295E-06
9712 4.375872261923E-06
9715 3.916141064012E-06
9718 3.013368811622E-06
9721 3.258482801208E-06
9724 2.299549164577E-06
9727 2.604355965350E-06
9730 2.228885274394E-06
9733 2.538842642831E-06
9736 1.717843622504E-06
9739 2.212447314993E-06
9742 1.918860187517E-06
9745 1.679125588783E-06
9748 2.003304324222E-06
9751 2.214010369017E-06
9754 2.399313659881E-06
9757 2.322968996982E-06
9760 2.941778532422E-06
9763 2.324297768698E-06
9766 2.964480399273E-06
9769 2.781509062213E-06
9772 3.445322377825E-06
9775 3.300773645977E-06
9778 2.608743440870E-06
9781 3.074141893097E-06
9784 3.678832286006E-06
9787 3.285107968840E-06
9790 4.385706095286E-06
9793 3.355519881828E-06
9796 3.107103567416E-06
9799 3.543227218513E-06
9802 2.724279199630E-06
9805 3.024402317627E-06
9808 1.921918601973E-06
9811 1.550965559151E-06
9814 1.854472435495E-06
9817 1.819463993193E-06
9820 1.821010710986E-06
9823 2.253398875650E-06
9826 2.523789037869E-06
9829 2.104753587424E-06
9832 2.365327685097E-06
9835 2.291749144775E-06
9838 3.098406621452E-06
9841 2.582369525732E-06
9844 2.987394105584E-06
9847 3.144001840961E-06
9850 3.659415604794E-06
9853 3.710399696931E-06
9856 3.097524060692E-06
9859 2.899299357837E-06
9862 2.252326172877E-06
9865 2.091374517322E-06
9868 3.017617490753E-06
9871 2.742964545254E-06
9874 3.391148852997E-06
9877 2.371246173358E-06
9880 2.417581093993E-06
9883 1.922551335580E-06
9886 2.214904077237E-06
9889 2.035691459308E-06
9892 2.025653817085E-06
9895 2.071162308581E-06
9898 2.466259330768E-06
9901 1.996979107757E-06
9904 1.834115640084E-06
9907 1.619785818498E-06
9910 1.675291321378E-06
9913 1.908243420568E-06
9916 1.839023099210E-06
9919 1.879487434716E-06
9922 1.830525189497E-06
9925 2.409825392422E-06
9928 2.280064201779E-06
9931 3.162795651530E-06
9934 3.100686410147E-06
9937 3.766010584014E-06
9940 2.912874361166E-06
9943 2.537226404721E-06
9946 2.934403346586E-06
9949 1.836548591934E-06
9952 1.922209662850E-06
9955 1.768951227459E-06
9958 1.664991171210E-06
9961 2.053275632052E-06
9964 1.939451363853E-06
9967 2.020150190725E-06
9970 2.012997273382E-06
9973 2.002321637636E-06
9976 2.948404021671E-06
9979 2.136744907247E-06
9982 2.427270327323E-06
9985 2.102809735581E-06
9988 2.118084202453E-06
9991 2.016610882451E-06
9994 2.563897079506E-06
9997 1.829133812407E-06
10000 1.999260342259E-06
