1 1.000000000000E+00
2 4.448907648239E-01
3 2.033903204454E-01
4 1.182023855489E-01
5 7.276206238961E-02
6 5.190446671506E-02
7 3.854305587707E-02
8 2.983941398066E-02
9 2.254444396905E-02
10 1.672928135456E-02
11 1.334351182190E-02
12 1.116195486778E-02
13 9.160901867657E-03
14 7.316127837345E-03
15 5.916901159476E-03
16 4.740748000586E-03
17 3.971987664242E-03
18 3.552417268354E-03
19 2.965223995033E-03
20 2.548417238005E-03
21 2.265243410116E-03
22 1.882664234585E-03
23 1.699203246967E-03
24 1.437212683426E-03
25 1.267594169484E-03
26 1.118445192668E-03
27 1.020104351555E-03
28 9.196720693219E-04
29 8.194271886758E-04
30 7.156150280152E-04
31 6.460941461692E-04
32 5.701624833682E-04
33 5.122020748603E-04
34 4.824838022429E-04
35 4.408531234107E-04
36 4.123487160780E-04
37 3.913349141766E-04
38 3.763610832418E-04
39 3.592792773095E-04
40 3.432114692570E-04
41 3.345411137405E-04
42 3.240236396869E-04
43 3.088327325210E-04
44 2.991436249995E-04
45 2.936988066024E-04
46 2.808535841054E-04
47 2.704129908366E-04
48 2.571014480113E-04
49 2.498084677974E-04
50 2.383061316015E-04
51 2.297334856162E-04
52 2.225646460043E-04
53 2.124214309393E-04
54 2.015643645118E-04
55 1.940756696919E-04
56 1.833277293905E-04
57 1.712070923278E-04
58 1.637966552414E-04
59 1.562900504030E-04
60 1.481199764493E-04
61 1.411109162046E-04
62 1.336891458124E-04
63 1.274808319187E-04
64 1.219723803456E-04
65 1.168028175333E-04
66 1.127713729731E-04
67 1.094110179704E-04
68 1.063773446859E-04
69 1.036673725279E-04
70 1.005080453068E-04
71 9.760388682941E-05
72 9.486195212986E-05
73 9.132880091929E-05
74 8.854548122636E-05
75 8.502841273359E-05
76 8.192246933365E-05
77 7.908362226529E-05
78 7.600164932048E-05
79 7.313773360330E-05
80 7.005700488362E-05
81 6.784577312736E-05
82 6.491128950127E-05
83 6.239647535350E-05
84 6.075193390780E-05
85 5.899716409799E-05
86 5.714126520409E-05
87 5.567508722002E-05
88 5.415031027481E-05
89 5.265927509366E-05
90 5.117640802259E-05
91 5.020710394628E-05
92 4.914727985488E-05
93 4.812447085831E-05
94 4.715621354558E-05
95 4.625323177559E-05
96 4.527768293771E-05
97 4.432922512023E-05
98 4.358267323539E-05
99 4.282684605843E-05
100 4.221133039700E-05
101 4.166829716336E-05
102 4.110266555105E-05
103 4.035629380048E-05
104 3.974120019418E-05
105 3.878776279673E-05
106 3.771998527880E-05
107 3.670824661466E-05
108 3.583825155914E-05
109 3.521825804792E-05
110 3.445363723608E-05
111 3.366359557076E-05
112 3.288045681688E-05
113 3.223342619933E-05
114 3.162261198460E-05
115 3.115509621027E-05
116 3.072562569106E-05
117 3.040135965953E-05
118 3.007167254158E-05
119 2.969855605735E-05
120 2.929581760194E-05
121 2.892157970471E-05
122 2.849519742896E-05
123 2.801958809924E-05
124 2.760545141392E-05
125 2.723868068424E-05
126 2.670974052667E-05
127 2.630910847342E-05
128 2.581752641361E-05
129 2.538285450791E-05
130 2.504597255197E-05
131 2.484062098894E-05
132 2.467524720201E-05
133 2.449021214334E-05
134 2.432504878483E-05
135 2.413338475083E-05
136 2.397277357908E-05
137 2.382456380426E-05
138 2.365911305849E-05
139 2.345435046147E-05
140 2.322964113577E-05
141 2.302495825422E-05
142 2.275612033509E-05
143 2.249712155701E-05
144 2.222594778640E-05
145 2.188393829558E-05
146 2.151579939738E-05
147 2.115910137800E-05
148 2.081956779412E-05
149 2.045004587719E-05
150 2.002971472377E-05
151 1.962434908697E-05
152 1.929924384438E-05
153 1.893385857542E-05
154 1.853662496265E-05
155 1.819924143586E-05
156 1.791597358749E-05
157 1.766439316899E-05
158 1.747144664745E-05
159 1.729033483749E-05
160 1.711508115563E-05
161 1.696443441775E-05
162 1.682587633767E-05
163 1.669433765259E-05
164 1.653180872994E-05
165 1.632726225964E-05
166 1.609745369446E-05
167 1.587734194260E-05
168 1.560811966721E-05
169 1.531957885053E-05
170 1.509349665941E-05
171 1.480887240595E-05
172 1.456345935031E-05
173 1.436485884070E-05
174 1.420022621542E-05
175 1.405779836360E-05
176 1.393469896665E-05
177 1.383256019756E-05
178 1.374410838247E-05
179 1.366106662036E-05
180 1.359220079813E-05
181 1.350656295573E-05
182 1.339760796581E-05
183 1.328557577556E-05
184 1.314730224056E-05
185 1.301175020571E-05
186 1.284610958886E-05
187 1.271599286701E-05
188 1.260418949539E-05
189 1.247287879165E-05
190 1.234244954709E-05
191 1.219588816867E-05
192 1.207304597531E-05
193 1.195918411244E-05
194 1.185634615919E-05
195 1.172733856479E-05
196 1.160003375140E-05
197 1.141060266159E-05
198 1.122663149864E-05
199 1.105561989724E-05
200 1.085985655159E-05
201 1.065163930501E-05
202 1.051712227918E-05
203 1.040144868731E-05
204 1.032829254278E-05
205 1.025636353820E-05
206 1.020062192840E-05
207 1.013920482987E-05
208 1.007354197867E-05
209 9.989045516371E-06
210 9.908137548612E-06
211 9.820798825332E-06
212 9.713165125062E-06
213 9.606082328222E-06
214 9.469678654218E-06
215 9.341356751281E-06
216 9.235333873017E-06
217 9.147514535223E-06
218 9.077454625013E-06
219 9.025252940640E-06
220 8.974267123553E-06
221 8.908218718851E-06
222 8.843413159851E-06
223 8.778420867953E-06
224 8.696275744662E-06
225 8.604958364491E-06
226 8.469540229638E-06
227 8.369906303380E-06
228 8.267833937838E-06
229 8.200390702326E-06
230 8.139602781388E-06
231 8.065214561445E-06
232 7.978476985456E-06
233 7.917655721929E-06
234 7.859751637001E-06
235 7.787226697557E-06
236 7.700304488320E-06
237 7.618442792760E-06
238 7.549418168542E-06
239 7.466931577323E-06
240 7.376080876773E-06
241 7.286057469244E-06
242 7.184788995551E-06
243 7.105505836950E-06
244 7.049462068976E-06
245 6.996870711192E-06
246 6.934251931787E-06
247 6.891620830064E-06
248 6.843815616873E-06
249 6.808500551027E-06
250 6.749633890746E-06
251 6.678090011858E-06
252 6.603645306314E-06
253 6.523254206317E-06
254 6.467377872560E-06
255 6.408684757080E-06
256 6.340453358621E-06
257 6.284003466142E-06
258 6.231111886556E-06
259 6.158566320208E-06
260 6.114960229891E-06
261 6.082946804700E-06
262 6.051252160205E-06
263 6.023115056344E-06
264 5.980355612796E-06
265 5.945452529974E-06
266 5.904674627395E-06
267 5.853185718281E-06
268 5.775976688420E-06
269 5.690169724619E-06
270 5.605063508855E-06
271 5.530324301994E-06
272 5.479922358422E-06
273 5.431499385673E-06
274 5.400802691657E-06
275 5.377775212434E-06
276 5.355281562190E-06
277 5.331041651522E-06
278 5.312137211359E-06
279 5.294189057324E-06
280 5.272710513043E-06
281 5.239220922241E-06
282 5.194048752087E-06
283 5.118310411260E-06
284 5.051037902757E-06
285 5.001881206638E-06
286 4.951812253282E-06
287 4.916220105631E-06
288 4.889338793770E-06
289 4.867164461081E-06
290 4.847901948414E-06
291 4.831312372788E-06
292 4.816470456911E-06
293 4.794847958188E-06
294 4.775889594908E-06
295 4.761202547215E-06
296 4.738206209314E-06
297 4.715784623438E-06
298 4.690329143462E-06
299 4.654252775252E-06
300 4.615731563998E-06
301 4.580539028275E-06
302 4.551913647152E-06
303 4.532739557691E-06
304 4.513240971673E-06
305 4.490751895855E-06
306 4.474243542126E-06
307 4.447061898207E-06
308 4.422401549732E-06
309 4.392308766281E-06
310 4.366240787104E-06
311 4.347010689871E-06
312 4.327271676710E-06
313 4.308261416556E-06
314 4.287259669110E-06
315 4.268664532437E-06
316 4.254895600589E-06
317 4.240977694096E-06
318 4.222984865181E-06
319 4.204809321691E-06
320 4.186626860388E-06
321 4.164072945971E-06
322 4.121744086046E-06
323 4.075226259150E-06
324 4.025309694038E-06
325 4.000604571252E-06
326 3.982371616020E-06
327 3.963687369138E-06
328 3.945692341472E-06
329 3.929823898312E-06
330 3.918654235940E-06
331 3.908428530189E-06
332 3.897393390633E-06
333 3.879957754599E-06
334 3.859542554566E-06
335 3.839289309191E-06
336 3.816019401102E-06
337 3.786007678637E-06
338 3.755759020193E-06
339 3.728473754216E-06
340 3.705496265039E-06
341 3.689148817093E-06
342 3.675935070853E-06
343 3.660920933584E-06
344 3.639320583713E-06
345 3.621019727370E-06
346 3.607507847531E-06
347 3.594950661322E-06
348 3.584768157732E-06
349 3.570039010934E-06
350 3.554584852844E-06
351 3.539003278251E-06
352 3.521016782435E-06
353 3.502984475102E-06
354 3.482775842879E-06
355 3.460732205421E-06
356 3.435447476427E-06
357 3.412936830065E-06
358 3.392431198617E-06
359 3.375784742692E-06
360 3.361320413572E-06
361 3.346702041620E-06
362 3.333460863453E-06
363 3.315671763538E-06
364 3.303025074286E-06
365 3.288297475480E-06
366 3.278402275156E-06
367 3.270146343266E-06
368 3.260639681943E-06
369 3.252787360838E-06
370 3.242076264068E-06
371 3.228523442690E-06
372 3.208570822469E-06
373 3.187250367401E-06
374 3.171723028877E-06
375 3.152585600388E-06
376 3.133076816644E-06
377 3.115498084339E-06
378 3.102953302168E-06
379 3.090783121439E-06
380 3.079132609863E-06
381 3.068147164207E-06
382 3.051896389739E-06
383 3.034413361625E-06
384 3.012221386733E-06
385 2.991400098665E-06
386 2.969496156512E-06
387 2.949685856340E-06
388 2.938016410758E-06
389 2.927878394569E-06
390 2.919617218915E-06
391 2.911223210316E-06
392 2.900698099564E-06
393 2.887812228497E-06
394 2.878275596158E-06
395 2.870067613085E-06
396 2.860593243148E-06
397 2.847978096932E-06
398 2.834301227872E-06
399 2.819789576630E-06
400 2.799817751265E-06
401 2.783356416669E-06
402 2.770513691821E-06
403 2.759087754318E-06
404 2.752578172336E-06
405 2.742547314637E-06
406 2.732290165240E-06
407 2.721788928137E-06
408 2.708824758546E-06
409 2.697805030616E-06
410 2.684959283812E-06
411 2.671695274302E-06
412 2.663677793159E-06
413 2.656432627846E-06
414 2.646971355886E-06
415 2.637156437325E-06
416 2.629045389889E-06
417 2.621101233767E-06
418 2.610638702776E-06
419 2.597922922768E-06
420 2.590290123902E-06
421 2.585070688306E-06
422 2.580170835022E-06
423 2.572405269923E-06
424 2.561160406209E-06
425 2.550767941484E-06
426 2.538492691019E-06
427 2.526908034088E-06
428 2.518921795643E-06
429 2.511510328265E-06
430 2.506504079383E-06
431 2.500830359854E-06
432 2.496215434735E-06
433 2.491844573786E-06
434 2.484095547018E-06
435 2.477066961955E-06
436 2.466684685037E-06
437 2.456687082548E-06
438 2.448282988863E-06
439 2.437556008635E-06
440 2.430667023755E-06
441 2.426005965915E-06
442 2.421745839946E-06
443 2.416593984087E-06
444 2.409958781158E-06
445 2.399354832039E-06
446 2.384204976026E-06
447 2.367597783358E-06
448 2.354356755612E-06
449 2.341726462803E-06
450 2.331058231487E-06
451 2.322191974497E-06
452 2.314060515290E-06
453 2.302882594716E-06
454 2.290902071824E-06
455 2.281474135241E-06
456 2.273183846138E-06
457 2.264151401389E-06
458 2.252776397697E-06
459 2.242233394738E-06
460 2.233264390632E-06
461 2.225926273845E-06
462 2.219240836911E-06
463 2.210597308877E-06
464 2.202330743346E-06
465 2.196698822960E-06
466 2.188021705354E-06
467 2.180173040859E-06
468 2.173207922325E-06
469 2.169976504938E-06
470 2.165012331855E-06
471 2.157988362196E-06
472 2.147658834276E-06
473 2.138381344403E-06
474 2.129480387257E-06
475 2.123421337655E-06
476 2.115797176707E-06
477 2.109283339306E-06
478 2.103251843030E-06
479 2.095063323911E-06
480 2.090672295694E-06
481 2.084774008266E-06
482 2.076966433515E-06
483 2.069092784927E-06
484 2.058845274486E-06
485 2.049771322293E-06
486 2.041141779780E-06
487 2.036846947202E-06
488 2.033317359387E-06
489 2.029056562308E-06
490 2.023335028778E-06
491 2.018319867999E-06
492 2.012376690029E-06
493 2.004329028468E-06
494 1.999013871921E-06
495 1.989296302525E-06
496 1.982011230570E-06
497 1.974592616170E-06
498 1.970518566872E-06
499 1.967065281167E-06
500 1.964091976337E-06
501 1.960821657639E-06
502 1.956524216307E-06
503 1.949895752772E-06
504 1.943083290170E-06
505 1.933748383246E-06
506 1.926158405657E-06
507 1.919912238188E-06
508 1.915226230653E-06
509 1.909733502625E-06
510 1.903658764040E-06
511 1.899537725558E-06
512 1.895007851526E-06
513 1.889647388844E-06
514 1.881644111997E-06
515 1.872990184400E-06
516 1.863820612368E-06
517 1.854922720975E-06
518 1.849793420211E-06
519 1.843650795928E-06
520 1.837823636149E-06
521 1.832153823859E-06
522 1.825106885536E-06
523 1.818037394699E-06
524 1.809999180845E-06
525 1.801015404185E-06
526 1.792678816530E-06
527 1.788538408735E-06
528 1.784852014561E-06
529 1.782436568163E-06
530 1.779200068504E-06
531 1.775824318535E-06
532 1.769850410911E-06
533 1.763976643292E-06
534 1.759684389726E-06
535 1.754754032621E-06
536 1.747164178741E-06
537 1.740833112778E-06
538 1.733928355026E-06
539 1.729026680915E-06
540 1.724712199032E-06
541 1.720168164185E-06
542 1.716135760007E-06
543 1.710274975016E-06
544 1.701915221765E-06
545 1.692179146890E-06
546 1.683885199013E-06
547 1.678761505632E-06
548 1.675554423751E-06
549 1.672281522818E-06
550 1.668073410533E-06
551 1.663418164395E-06
552 1.658637627357E-06
553 1.653186430778E-06
554 1.643049727324E-06
555 1.634306680066E-06
556 1.630546294810E-06
557 1.626031768431E-06
558 1.621451947089E-06
559 1.617738714670E-06
560 1.612797377983E-06
561 1.606014629732E-06
562 1.598832770373E-06
563 1.592791449900E-06
564 1.585985046455E-06
565 1.575507897684E-06
566 1.569735494843E-06
567 1.563675390114E-06
568 1.561087327588E-06
569 1.558499773429E-06
570 1.555493162880E-06
571 1.547090413788E-06
572 1.531575863471E-06
573 1.518019510810E-06
574 1.509048162411E-06
575 1.503231171510E-06
576 1.496199115118E-06
577 1.490432318869E-06
578 1.482768616724E-06
579 1.476416027106E-06
580 1.468256681105E-06
581 1.461937645374E-06
582 1.455278134340E-06
583 1.447342093995E-06
584 1.439025978902E-06
585 1.432926929842E-06
586 1.428210996947E-06
587 1.423658665000E-06
588 1.419780860068E-06
589 1.416168411993E-06
590 1.409446191523E-06
591 1.402815327347E-06
592 1.395528141722E-06
593 1.385337518561E-06
594 1.375874335428E-06
595 1.367324312662E-06
596 1.362419841773E-06
597 1.356887252497E-06
598 1.352806459330E-06
599 1.347361900712E-06
600 1.340810123464E-06
601 1.329965392733E-06
602 1.322502836352E-06
603 1.316757117302E-06
604 1.311511057767E-06
605 1.306824810803E-06
606 1.301133474705E-06
607 1.292974805614E-06
608 1.285191146967E-06
609 1.277463363747E-06
610 1.269003970606E-06
611 1.261997636281E-06
612 1.257833705606E-06
613 1.255066773818E-06
614 1.250296459037E-06
615 1.243158242406E-06
616 1.236039316796E-06
617 1.229082509891E-06
618 1.224363709367E-06
619 1.220464979384E-06
620 1.216911666268E-06
621 1.211030674995E-06
622 1.201763584409E-06
623 1.192715481308E-06
624 1.186147029904E-06
625 1.176580682652E-06
626 1.172180012749E-06
627 1.167783616889E-06
628 1.163272557774E-06
629 1.159164574986E-06
630 1.151186913363E-06
631 1.143083043724E-06
632 1.133141781218E-06
633 1.125022234437E-06
634 1.118474924900E-06
635 1.113822964066E-06
636 1.108710730561E-06
637 1.104902501230E-06
638 1.101536340139E-06
639 1.096781192673E-06
640 1.091587029166E-06
641 1.084183556271E-06
642 1.078909119772E-06
643 1.074823603448E-06
644 1.070968998623E-06
645 1.068615310983E-06
646 1.066970253947E-06
647 1.064904650986E-06
648 1.060215717158E-06
649 1.055885911737E-06
650 1.050013259881E-06
651 1.045670484898E-06
652 1.042982005984E-06
653 1.040624923244E-06
654 1.036962222994E-06
655 1.033855821642E-06
656 1.030342019324E-06
657 1.025275980868E-06
658 1.021351572763E-06
659 1.017760919062E-06
660 1.014272316987E-06
661 1.010590211945E-06
662 1.008890276261E-06
663 1.006609587304E-06
664 1.003726127134E-06
665 1.000523836297E-06
666 9.968835783495E-07
667 9.932823965956E-07
668 9.888528539842E-07
669 9.853173055598E-07
670 9.835485849610E-07
671 9.815391913470E-07
672 9.786095771372E-07
673 9.763467652409E-07
674 9.727348011799E-07
675 9.695768761564E-07
676 9.674324713268E-07
677 9.637035072194E-07
678 9.579191658138E-07
679 9.532308217566E-07
680 9.458755379245E-07
681 9.411242191524E-07
682 9.373065749512E-07
683 9.344360879660E-07
684 9.315628776802E-07
685 9.276866467494E-07
686 9.192855340369E-07
687 9.129479016558E-07
688 9.053264030266E-07
689 9.021859748093E-07
690 8.990348979565E-07
691 8.951061013030E-07
692 8.904370494144E-07
693 8.837504867001E-07
694 8.780815631519E-07
695 8.717396894357E-07
696 8.683074555897E-07
697 8.659069584268E-07
698 8.634264708357E-07
699 8.598572718634E-07
700 8.559913212842E-07
701 8.501629490065E-07
702 8.459384724394E-07
703 8.410400158465E-07
704 8.371698859548E-07
705 8.337747926279E-07
706 8.300340618936E-07
707 8.238134134418E-07
708 8.158946961028E-07
709 8.100196946065E-07
710 8.061571067405E-07
711 8.015775691790E-07
712 7.973183490917E-07
713 7.924585403290E-07
714 7.856043654704E-07
715 7.791400527826E-07
716 7.742706560491E-07
717 7.703360492262E-07
718 7.662867153785E-07
719 7.612798553216E-07
720 7.563333088866E-07
721 7.507364265303E-07
722 7.422246517197E-07
723 7.353391101481E-07
724 7.301188190801E-07
725 7.237551911309E-07
726 7.193271212480E-07
727 7.118479351899E-07
728 7.059291183590E-07
729 7.016115947864E-07
730 6.967638830433E-07
731 6.915456073930E-07
732 6.845822427426E-07
733 6.808297838298E-07
734 6.748426395838E-07
735 6.710100622819E-07
736 6.668706934041E-07
737 6.618708559161E-07
738 6.591091988329E-07
739 6.555939185302E-07
740 6.522436118835E-07
741 6.480912535611E-07
742 6.423716903861E-07
743 6.400448483675E-07
744 6.366982153254E-07
745 6.337325456116E-07
746 6.288972603590E-07
747 6.236489454178E-07
748 6.206966077427E-07
749 6.188862629671E-07
750 6.154578035184E-07
751 6.091868379860E-07
752 6.058751888099E-07
753 6.039163043566E-07
754 6.012917546490E-07
755 5.989007531962E-07
756 5.945168814566E-07
757 5.893561891764E-07
758 5.842103216660E-07
759 5.822062124991E-07
760 5.804974909952E-07
761 5.760320926984E-07
762 5.717830283507E-07
763 5.685191596974E-07
764 5.643653000083E-07
765 5.614464705630E-07
766 5.579232292950E-07
767 5.549880393046E-07
768 5.501753335848E-07
769 5.459577376765E-07
770 5.426119949911E-07
771 5.406187795609E-07
772 5.379894851878E-07
773 5.350197669275E-07
774 5.304103501401E-07
775 5.279187465234E-07
776 5.261838832302E-07
777 5.229421953948E-07
778 5.187953153015E-07
779 5.160345428034E-07
780 5.137983042575E-07
781 5.125161920766E-07
782 5.106291249214E-07
783 5.077762813171E-07
784 5.036272286668E-07
785 5.015769478225E-07
786 5.004787572722E-07
787 4.973609612798E-07
788 4.951863044988E-07
789 4.916698710658E-07
790 4.898824674189E-07
791 4.886798547504E-07
792 4.869981941896E-07
793 4.834050150487E-07
794 4.796891959210E-07
795 4.772181302586E-07
796 4.750905558154E-07
797 4.733821891329E-07
798 4.711829208017E-07
799 4.667999098405E-07
800 4.635956005104E-07
801 4.604345191863E-07
802 4.576939158896E-07
803 4.558596255242E-07
804 4.537650611131E-07
805 4.478499311299E-07
806 4.449202140764E-07
807 4.425669092371E-07
808 4.397244923045E-07
809 4.381347366254E-07
810 4.336593733351E-07
811 4.289729676757E-07
812 4.257363368849E-07
813 4.244426077787E-07
814 4.227368757933E-07
815 4.199594561655E-07
816 4.159691326246E-07
817 4.126257633036E-07
818 4.107039987927E-07
819 4.097441889392E-07
820 4.078556155749E-07
821 4.027561921310E-07
822 4.000387638540E-07
823 3.982130941662E-07
824 3.968440513026E-07
825 3.946897238151E-07
826 3.921196864861E-07
827 3.896693764635E-07
828 3.883316705574E-07
829 3.865549525216E-07
830 3.849305150613E-07
831 3.822342359801E-07
832 3.800152503233E-07
833 3.778088048078E-07
834 3.759686202475E-07
835 3.740821568730E-07
836 3.716983522407E-07
837 3.675241977777E-07
838 3.654703669372E-07
839 3.634839511271E-07
840 3.621847423147E-07
841 3.608239723779E-07
842 3.587955919346E-07
843 3.561086317920E-07
844 3.548075771312E-07
845 3.537293813947E-07
846 3.519792480078E-07
847 3.503111390544E-07
848 3.476385171769E-07
849 3.452482288351E-07
850 3.443705020504E-07
851 3.436245838231E-07
852 3.423663426556E-07
853 3.409381023414E-07
854 3.381903399938E-07
855 3.355851171885E-07
856 3.349451524742E-07
857 3.332230251447E-07
858 3.302699530794E-07
859 3.283617114250E-07
860 3.272757086965E-07
861 3.263735162634E-07
862 3.252853115283E-07
863 3.219344319291E-07
864 3.201617652191E-07
865 3.193430269524E-07
866 3.182491399180E-07
867 3.165994113714E-07
868 3.134566757411E-07
869 3.120946613275E-07
870 3.112777462028E-07
871 3.102523730271E-07
872 3.080425952980E-07
873 3.057165981978E-07
874 3.047803525864E-07
875 3.037208488030E-07
876 3.003326708480E-07
877 2.990384880737E-07
878 2.979557156930E-07
879 2.960731367937E-07
880 2.935591788873E-07
881 2.915317548102E-07
882 2.904091749805E-07
883 2.871978945659E-07
884 2.849055820009E-07
885 2.829058503296E-07
886 2.814607309014E-07
887 2.798864025258E-07
888 2.774927218143E-07
889 2.758158330478E-07
890 2.746241030006E-07
891 2.727299200979E-07
892 2.697987307573E-07
893 2.681150173550E-07
894 2.673004556556E-07
895 2.660226008946E-07
896 2.641486177591E-07
897 2.624054192587E-07
898 2.609283366910E-07
899 2.596053637600E-07
900 2.564809977377E-07
901 2.555634174697E-07
902 2.549836687907E-07
903 2.525291770024E-07
904 2.492663018206E-07
905 2.485410797160E-07
906 2.460178906803E-07
907 2.429554051940E-07
908 2.416009123603E-07
909 2.395495737871E-07
910 2.374434453527E-07
911 2.362527574838E-07
912 2.350518315189E-07
913 2.323963040323E-07
914 2.304813139343E-07
915 2.295503273745E-07
916 2.267415266788E-07
917 2.251026255689E-07
918 2.242143991718E-07
919 2.219972218526E-07
920 2.200214018049E-07
921 2.188650437230E-07
922 2.168303817262E-07
923 2.145895009948E-07
924 2.135414599255E-07
925 2.122622060891E-07
926 2.105418198061E-07
927 2.072732381741E-07
928 2.062018507825E-07
929 2.041936374302E-07
930 2.010531402639E-07
931 2.002058838570E-07
932 1.977620452495E-07
933 1.949085503448E-07
934 1.941157447404E-07
935 1.911082387074E-07
936 1.893337906133E-07
937 1.879597120240E-07
938 1.863872711125E-07
939 1.842708398242E-07
940 1.826088819221E-07
941 1.816613849362E-07
942 1.794426149738E-07
943 1.774610861900E-07
944 1.762266029527E-07
945 1.734398368861E-07
946 1.718976942119E-07
947 1.686480133783E-07
948 1.664090175925E-07
949 1.651794398153E-07
950 1.616214787935E-07
951 1.602578529151E-07
952 1.590186308532E-07
953 1.561919182585E-07
954 1.546005660410E-07
955 1.535218996282E-07
956 1.493484395998E-07
957 1.484739996919E-07
958 1.454661520888E-07
959 1.426822257529E-07
960 1.416604698249E-07
961 1.378971865751E-07
962 1.365408746691E-07
963 1.334220757555E-07
964 1.321716868302E-07
965 1.294978334859E-07
966 1.279820626148E-07
967 1.276043372866E-07
968 1.260292456559E-07
969 1.247642092985E-07
970 1.236754312674E-07
971 1.221378344960E-07
972 1.213540496399E-07
973 1.199779593704E-07
974 1.196433934447E-07
975 1.183364545688E-07
976 1.178039938473E-07
977 1.165835380051E-07
978 1.156376154305E-07
979 1.152233780037E-07
980 1.132246260609E-07
981 1.128002874968E-07
982 1.111547505323E-07
983 1.107209417890E-07
984 1.091506437024E-07
985 1.080517848465E-07
986 1.075789395986E-07
987 1.064689739634E-07
988 1.058122970231E-07
989 1.044293779502E-07
990 1.040631245376E-07
991 1.028262818348E-07
992 1.013104154111E-07
993 1.003890699682E-07
994 9.998980937651E-08
995 9.907004829296E-08
996 9.871834388197E-08
997 9.759679410297E-08
998 9.618155194320E-08
999 9.477817720961E-08
1000 9.349571796445E-08
1001 9.317971346137E-08
1002 9.261965007725E-08
1003 9.261832698837E-08
1004 9.259109293472E-08
1005 9.234032206456E-08
1006 9.196953238668E-08
1007 9.177784645156E-08
1008 9.173513716169E-08
1009 9.172540382327E-08
1010 9.172180011164E-08
1011 9.171580148123E-08
1012 9.169499693458E-08
1013 9.165400358322E-08
1014 9.150059204633E-08
1015 9.127636433522E-08
1016 9.112140383997E-08
1017 9.102380762595E-08
1018 9.097585455356E-08
1019 9.096014194283E-08
1020 9.095019289514E-08
1021 9.094167731987E-08
1022 9.093060821177E-08
1023 9.091582272692E-08
1024 9.087255490494E-08
1025 9.083292001593E-08
1026 9.074234665863E-08
1027 9.059902990611E-08
1028 9.047577229679E-08
1029 9.038780406163E-08
1030 9.032060848433E-08
1031 9.026807664468E-08
1032 9.024419516150E-08
1033 9.022242570122E-08
1034 9.020168079932E-08
1035 9.017895350001E-08
1036 9.015596189894E-08
1037 9.012578912241E-08
1038 9.008729683398E-08
1039 9.006518857970E-08
1040 9.003858566819E-08
1041 9.001182840574E-08
1042 8.999766292614E-08
1043 8.998175865783E-08
1044 8.996933817279E-08
1045 8.995588830973E-08
1046 8.993438359133E-08
1047 8.989141925314E-08
1048 8.985260824157E-08
1049 8.978479343715E-08
1050 8.965911141157E-08
1051 8.953465751942E-08
1052 8.944725994625E-08
1053 8.930530006837E-08
1054 8.921957944708E-08
1055 8.915549148551E-08
1056 8.911806382907E-08
1057 8.909966172188E-08
1058 8.908108198080E-08
1059 8.906844939250E-08
1060 8.905429756789E-08
1061 8.902643553476E-08
1062 8.898212967786E-08
1063 8.892132268489E-08
1064 8.886334388447E-08
1065 8.876852310112E-08
1066 8.867670458368E-08
1067 8.857800607706E-08
1068 8.846667965954E-08
1069 8.838956185065E-08
1070 8.832987082267E-08
1071 8.828691035958E-08
1072 8.825235807476E-08
1073 8.821246322365E-08
1074 8.817077354057E-08
1075 8.813219307669E-08
1076 8.809057380243E-08
1077 8.806121133226E-08
1078 8.803240365767E-08
1079 8.800054993585E-08
1080 8.796599840748E-08
1081 8.791781435550E-08
1082 8.784757745133E-08
1083 8.774056908498E-08
1084 8.761506024405E-08
1085 8.746729531846E-08
1086 8.735538991214E-08
1087 8.723994739386E-08
1088 8.714520896376E-08
1089 8.709041765713E-08
1090 8.705922332131E-08
1091 8.703216738312E-08
1092 8.700537539615E-08
1093 8.698541186947E-08
1094 8.696421044788E-08
1095 8.693657546021E-08
1096 8.690109328978E-08
1097 8.683038387019E-08
1098 8.674325457131E-08
1099 8.663977712959E-08
1100 8.650905625611E-08
1101 8.636473710238E-08
1102 8.621309420695E-08
1103 8.613001318350E-08
1104 8.609061067125E-08
1105 8.605445752868E-08
1106 8.602850384122E-08
1107 8.600758741002E-08
1108 8.598749626771E-08
1109 8.595002913320E-08
1110 8.588994067191E-08
1111 8.581900945567E-08
1112 8.574214761146E-08
1113 8.561589059124E-08
1114 8.548642590059E-08
1115 8.534671554380E-08
1116 8.520110607961E-08
1117 8.510027138329E-08
1118 8.502392938777E-08
1119 8.497252843513E-08
1120 8.493551512683E-08
1121 8.491084854833E-08
1122 8.489031544415E-08
1123 8.486916304711E-08
1124 8.484532003298E-08
1125 8.480385963108E-08
1126 8.473397641208E-08
1127 8.465522965975E-08
1128 8.455048276633E-08
1129 8.440875973601E-08
1130 8.425304010239E-08
1131 8.414703971772E-08
1132 8.406636711762E-08
1133 8.398220473910E-08
1134 8.392325376940E-08
1135 8.389403633397E-08
1136 8.386750351159E-08
1137 8.384504210485E-08
1138 8.381737877263E-08
1139 8.378757675624E-08
1140 8.375124267379E-08
1141 8.370585103818E-08
1142 8.362907933709E-08
1143 8.353377705534E-08
1144 8.340865592736E-08
1145 8.327065063569E-08
1146 8.317137317748E-08
1147 8.309190163262E-08
1148 8.300207793648E-08
1149 8.292693250174E-08
1150 8.286973291896E-08
1151 8.281189604580E-08
1152 8.275550547898E-08
1153 8.270631636662E-08
1154 8.265456988108E-08
1155 8.260736579099E-08
1156 8.256189338920E-08
1157 8.250297781810E-08
1158 8.242905266775E-08
1159 8.233892531906E-08
1160 8.223431512065E-08
1161 8.211817958911E-08
1162 8.198775175603E-08
1163 8.188414959397E-08
1164 8.178884749510E-08
1165 8.171801857694E-08
1166 8.165844129403E-08
1167 8.160545777746E-08
1168 8.156184259987E-08
1169 8.151229258656E-08
1170 8.144768520584E-08
1171 8.136434784471E-08
1172 8.128020000778E-08
1173 8.119636235485E-08
1174 8.110626835715E-08
1175 8.102869558832E-08
1176 8.094642208048E-08
1177 8.083870421148E-08
1178 8.071910581865E-08
1179 8.056946903069E-08
1180 8.045628621077E-08
1181 8.034540361958E-08
1182 8.024089735476E-08
1183 8.016734467253E-08
1184 8.010203975704E-08
1185 8.005526985048E-08
1186 8.001541467477E-08
1187 7.996686697161E-08
1188 7.991397208904E-08
1189 7.983216414278E-08
1190 7.971367664744E-08
1191 7.952907007257E-08
1192 7.933959999636E-08
1193 7.913522969786E-08
1194 7.898084586833E-08
1195 7.886689529685E-08
1196 7.876400424418E-08
1197 7.867582172630E-08
1198 7.861507650892E-08
1199 7.854986041327E-08
1200 7.848814310663E-08
1201 7.842523146371E-08
1202 7.835049709332E-08
1203 7.826894051993E-08
1204 7.819718071394E-08
1205 7.809420830853E-08
1206 7.798077677022E-08
1207 7.783055324422E-08
1208 7.766382962777E-08
1209 7.750877314837E-08
1210 7.733596773559E-08
1211 7.719233756709E-08
1212 7.709109670608E-08
1213 7.701342229280E-08
1214 7.692685195665E-08
1215 7.685222109913E-08
1216 7.678230225938E-08
1217 7.672202648537E-08
1218 7.666052404771E-08
1219 7.659028356335E-08
1220 7.649700023995E-08
1221 7.641206377070E-08
1222 7.631370735234E-08
1223 7.620454877992E-08
1224 7.607426562138E-08
1225 7.591406868970E-08
1226 7.576039218458E-08
1227 7.561882559860E-08
1228 7.550379743224E-08
1229 7.541243336769E-08
1230 7.532377128099E-08
1231 7.523247547905E-08
1232 7.515657885964E-08
1233 7.506975790267E-08
1234 7.499201144787E-08
1235 7.491533779750E-08
1236 7.483863068881E-08
1237 7.473578114326E-08
1238 7.460533830326E-08
1239 7.448313586954E-08
1240 7.433680639154E-08
1241 7.415294258351E-08
1242 7.391920585081E-08
1243 7.377892970938E-08
1244 7.366494793306E-08
1245 7.356675697312E-08
1246 7.347051899895E-08
1247 7.335932994955E-08
1248 7.325716849679E-08
1249 7.315142436365E-08
1250 7.304596374385E-08
1251 7.294005621583E-08
1252 7.281545123663E-08
1253 7.271270584109E-08
1254 7.262223839279E-08
1255 7.252601102584E-08
1256 7.242255970115E-08
1257 7.229856391097E-08
1258 7.210371825712E-08
1259 7.192238116138E-08
1260 7.176514334658E-08
1261 7.161048220171E-08
1262 7.147931876550E-08
1263 7.136939638794E-08
1264 7.125232848966E-08
1265 7.113664833249E-08
1266 7.104573627259E-08
1267 7.095889225933E-08
1268 7.086354310424E-08
1269 7.071143353446E-08
1270 7.055199711480E-08
1271 7.040959121265E-08
1272 7.025357019307E-08
1273 7.010463871441E-08
1274 6.994298557798E-08
1275 6.980518682142E-08
1276 6.964910924373E-08
1277 6.948128109140E-08
1278 6.933119762891E-08
1279 6.914968285175E-08
1280 6.899931771154E-08
1281 6.881989355429E-08
1282 6.862483961403E-08
1283 6.843171490950E-08
1284 6.830247602494E-08
1285 6.820250356922E-08
1286 6.811259868779E-08
1287 6.801402774664E-08
1288 6.791711073869E-08
1289 6.777464112950E-08
1290 6.762119732465E-08
1291 6.742064020720E-08
1292 6.717016295526E-08
1293 6.688980407436E-08
1294 6.668801095578E-08
1295 6.648553690307E-08
1296 6.628138774194E-08
1297 6.611539113223E-08
1298 6.596948258314E-08
1299 6.579985428967E-08
1300 6.564495390344E-08
1301 6.545863925919E-08
1302 6.530817895521E-08
1303 6.515674996675E-08
1304 6.494273954099E-08
1305 6.477451712801E-08
1306 6.453784686565E-08
1307 6.433685225169E-08
1308 6.418170915426E-08
1309 6.399816230965E-08
1310 6.382802609031E-08
1311 6.369723415229E-08
1312 6.355143186432E-08
1313 6.339937870111E-08
1314 6.325328325822E-08
1315 6.312372436595E-08
1316 6.298379146429E-08
1317 6.286149777297E-08
1318 6.267847516899E-08
1319 6.247140034612E-08
1320 6.228880813501E-08
1321 6.209460184468E-08
1322 6.185508375174E-08
1323 6.161641222980E-08
1324 6.138118088974E-08
1325 6.123739874993E-08
1326 6.109856954370E-08
1327 6.093090358476E-08
1328 6.074829218686E-08
1329 6.059102932805E-08
1330 6.043038792153E-08
1331 6.031373913243E-08
1332 6.019828797198E-08
1333 6.007669538855E-08
1334 5.996246734422E-08
1335 5.981325420474E-08
1336 5.963614330787E-08
1337 5.943484374719E-08
1338 5.915700927898E-08
1339 5.890856247081E-08
1340 5.873191435900E-08
1341 5.855370316469E-08
1342 5.840570878276E-08
1343 5.823653826014E-08
1344 5.806711725792E-08
1345 5.792812290520E-08
1346 5.782752836983E-08
1347 5.774261834501E-08
1348 5.762531533147E-08
1349 5.748906010158E-08
1350 5.731786961459E-08
1351 5.712069370982E-08
1352 5.687619039756E-08
1353 5.664037236559E-08
1354 5.644534886050E-08
1355 5.628469840389E-08
1356 5.614044628464E-08
1357 5.600795742439E-08
1358 5.586773102932E-08
1359 5.576689436386E-08
1360 5.565950789337E-08
1361 5.557014867527E-08
1362 5.547825995835E-08
1363 5.536583841179E-08
1364 5.518962525249E-08
1365 5.502029334677E-08
1366 5.489781162438E-08
1367 5.472326057345E-08
1368 5.456361108033E-08
1369 5.440119092254E-08
1370 5.425731734661E-08
1371 5.406496199778E-08
1372 5.384241447651E-08
1373 5.366019105263E-08
1374 5.352521684768E-08
1375 5.340501039175E-08
1376 5.326843626328E-08
1377 5.310575751724E-08
1378 5.297888403423E-08
1379 5.288865437158E-08
1380 5.278570689562E-08
1381 5.266457442237E-08
1382 5.254954381081E-08
1383 5.239925002584E-08
1384 5.221230784882E-08
1385 5.201521022609E-08
1386 5.185789543860E-08
1387 5.170519185046E-08
1388 5.155485259437E-08
1389 5.144340219403E-08
1390 5.133946945703E-08
1391 5.123326914281E-08
1392 5.110582537159E-08
1393 5.100858763066E-08
1394 5.092508938870E-08
1395 5.082252373337E-08
1396 5.070321384734E-08
1397 5.055107070574E-08
1398 5.036409728149E-08
1399 5.020092338573E-08
1400 5.006889465576E-08
1401 4.995968949980E-08
1402 4.984655864882E-08
1403 4.974594495739E-08
1404 4.964048633131E-08
1405 4.953071571703E-08
1406 4.940002079297E-08
1407 4.926289630985E-08
1408 4.915546033724E-08
1409 4.905519759408E-08
1410 4.896540260309E-08
1411 4.886448818740E-08
1412 4.875757278064E-08
1413 4.861421892771E-08
1414 4.845168403207E-08
1415 4.832577219018E-08
1416 4.819126884301E-08
1417 4.806398661757E-08
1418 4.794955424953E-08
1419 4.785042873962E-08
1420 4.778193407617E-08
1421 4.772020083972E-08
1422 4.765486149576E-08
1423 4.758091041152E-08
1424 4.748653824173E-08
1425 4.735871469743E-08
1426 4.721780342241E-08
1427 4.708019840382E-08
1428 4.684841506760E-08
1429 4.667263536454E-08
1430 4.653642026355E-08
1431 4.642034760980E-08
1432 4.633388050868E-08
1433 4.624345311176E-08
1434 4.618966015682E-08
1435 4.612922870710E-08
1436 4.604411290888E-08
1437 4.589507894418E-08
1438 4.567989333572E-08
1439 4.551705526710E-08
1440 4.537027029682E-08
1441 4.524542597839E-08
1442 4.516717751280E-08
1443 4.509094112773E-08
1444 4.502107162463E-08
1445 4.493376560106E-08
1446 4.483287998505E-08
1447 4.472472945356E-08
1448 4.455754164403E-08
1449 4.441338060866E-08
1450 4.425861951051E-08
1451 4.409188156150E-08
1452 4.399319938000E-08
1453 4.390764962664E-08
1454 4.382229511012E-08
1455 4.374493045230E-08
1456 4.366407269124E-08
1457 4.355693953098E-08
1458 4.340648036234E-08
1459 4.324095893130E-08
1460 4.311123537739E-08
1461 4.299782781109E-08
1462 4.291557758987E-08
1463 4.283058882737E-08
1464 4.275777506209E-08
1465 4.265467020044E-08
1466 4.254299153309E-08
1467 4.238978182458E-08
1468 4.227542530402E-08
1469 4.215646374773E-08
1470 4.205035591744E-08
1471 4.191770223274E-08
1472 4.181447636246E-08
1473 4.172196216190E-08
1474 4.164328148927E-08
1475 4.158261541667E-08
1476 4.151201013894E-08
1477 4.143013148355E-08
1478 4.132166247731E-08
1479 4.120563522684E-08
1480 4.109070945187E-08
1481 4.094050371189E-08
1482 4.080533824762E-08
1483 4.066013722472E-08
1484 4.057214688903E-08
1485 4.047446554529E-08
1486 4.040935941548E-08
1487 4.035040753530E-08
1488 4.028710784740E-08
1489 4.017234789262E-08
1490 4.006298490968E-08
1491 3.991298965930E-08
1492 3.976592323897E-08
1493 3.963937442970E-08
1494 3.952881412188E-08
1495 3.945113525108E-08
1496 3.937804010633E-08
1497 3.930398959802E-08
1498 3.924222334612E-08
1499 3.917592011995E-08
1500 3.909827049399E-08
1501 3.896654438620E-08
1502 3.880763206282E-08
1503 3.863987219547E-08
1504 3.852917368661E-08
1505 3.844737915953E-08
1506 3.840139776504E-08
1507 3.835060924878E-08
1508 3.829165958927E-08
1509 3.823057851892E-08
1510 3.811225592939E-08
1511 3.799735698574E-08
1512 3.788031397441E-08
1513 3.777888081532E-08
1514 3.766703853095E-08
1515 3.756904834584E-08
1516 3.750467540741E-08
1517 3.745661300310E-08
1518 3.739698013998E-08
1519 3.732568764028E-08
1520 3.721978915270E-08
1521 3.712662042596E-08
1522 3.703199444129E-08
1523 3.696307021293E-08
1524 3.690828208496E-08
1525 3.684766780231E-08
1526 3.676969708453E-08
1527 3.668711661531E-08
1528 3.662329755901E-08
1529 3.653500016757E-08
1530 3.643285959712E-08
1531 3.630067516838E-08
1532 3.621782918726E-08
1533 3.614345135503E-08
1534 3.608483431943E-08
1535 3.603432546895E-08
1536 3.599474153122E-08
1537 3.594343586437E-08
1538 3.586700757836E-08
1539 3.572880525884E-08
1540 3.561379222887E-08
1541 3.550000444194E-08
1542 3.538837944628E-08
1543 3.527529213656E-08
1544 3.519489079117E-08
1545 3.513183978111E-08
1546 3.507091192338E-08
1547 3.502208599488E-08
1548 3.496473893439E-08
1549 3.490831684399E-08
1550 3.482491053531E-08
1551 3.471851941784E-08
1552 3.458053145400E-08
1553 3.444091214496E-08
1554 3.431133011512E-08
1555 3.419743120604E-08
1556 3.412231555938E-08
1557 3.407120376455E-08
1558 3.401412990836E-08
1559 3.394753729620E-08
1560 3.382693811364E-08
1561 3.371454281832E-08
1562 3.359902385314E-08
1563 3.352305315358E-08
1564 3.343388342175E-08
1565 3.338097438275E-08
1566 3.330747693926E-08
1567 3.320800996149E-08
1568 3.309303862449E-08
1569 3.299869805895E-08
1570 3.290652968690E-08
1571 3.280141312841E-08
1572 3.269280082216E-08
1573 3.262226822508E-08
1574 3.254472961994E-08
1575 3.249437686526E-08
1576 3.244420524398E-08
1577 3.238297088018E-08
1578 3.229896878707E-08
1579 3.223325522186E-08
1580 3.211288959279E-08
1581 3.195990648420E-08
1582 3.183857148052E-08
1583 3.177654182791E-08
1584 3.171589199262E-08
1585 3.166581758718E-08
1586 3.162091553755E-08
1587 3.158318338268E-08
1588 3.153288027950E-08
1589 3.142898253929E-08
1590 3.129537067648E-08
1591 3.119782156283E-08
1592 3.111590545342E-08
1593 3.102159178999E-08
1594 3.096661312320E-08
1595 3.090553117699E-08
1596 3.083226803421E-08
1597 3.076970978476E-08
1598 3.069158755491E-08
1599 3.061791902818E-08
1600 3.052802779449E-08
1601 3.046799634012E-08
1602 3.041382157435E-08
1603 3.034402034291E-08
1604 3.026959353991E-08
1605 3.016693418344E-08
1606 3.006184605939E-08
1607 2.999819017325E-08
1608 2.993453335784E-08
1609 2.984372122401E-08
1610 2.973379690106E-08
1611 2.964894812552E-08
1612 2.954321094111E-08
1613 2.948137281280E-08
1614 2.942678475593E-08
1615 2.934488282699E-08
1616 2.927650817629E-08
1617 2.921486613322E-08
1618 2.907862780492E-08
1619 2.896984449919E-08
1620 2.885709090091E-08
1621 2.878435011319E-08
1622 2.872039189386E-08
1623 2.864143673088E-08
1624 2.855531565715E-08
1625 2.846215873506E-08
1626 2.838572584067E-08
1627 2.832198517188E-08
1628 2.824867540791E-08
1629 2.809984026887E-08
1630 2.799904444098E-08
1631 2.793763183253E-08
1632 2.787941854733E-08
1633 2.780353497748E-08
1634 2.769864397662E-08
1635 2.761982835730E-08
1636 2.751881163624E-08
1637 2.744237023907E-08
1638 2.739165218798E-08
1639 2.732446763882E-08
1640 2.722902943536E-08
1641 2.715676879328E-08
1642 2.704777297780E-08
1643 2.691710535952E-08
1644 2.679493311632E-08
1645 2.670337076990E-08
1646 2.664762272176E-08
1647 2.657855261363E-08
1648 2.651926889630E-08
1649 2.642991331386E-08
1650 2.632976668032E-08
1651 2.622940419047E-08
1652 2.612832934575E-08
1653 2.606264622801E-08
1654 2.598017038278E-08
1655 2.590225241401E-08
1656 2.584727088943E-08
1657 2.570198072949E-08
1658 2.551808323514E-08
1659 2.538639108260E-08
1660 2.530854077670E-08
1661 2.527037387098E-08
1662 2.520843415764E-08
1663 2.509600775629E-08
1664 2.495147353079E-08
1665 2.480251816699E-08
1666 2.473375007407E-08
1667 2.467892167788E-08
1668 2.460872146226E-08
1669 2.454528128440E-08
1670 2.449400055757E-08
1671 2.437997678554E-08
1672 2.426979002313E-08
1673 2.417915506601E-08
1674 2.404884525030E-08
1675 2.397795880352E-08
1676 2.389766041588E-08
1677 2.381845031710E-08
1678 2.376959021390E-08
1679 2.368866567403E-08
1680 2.362528362102E-08
1681 2.355495352581E-08
1682 2.341355276592E-08
1683 2.328523333289E-08
1684 2.318241466451E-08
1685 2.310842846951E-08
1686 2.304885242628E-08
1687 2.299048459877E-08
1688 2.292131432694E-08
1689 2.281541013332E-08
1690 2.270062405699E-08
1691 2.259450109286E-08
1692 2.244890111501E-08
1693 2.235517137948E-08
1694 2.228372799255E-08
1695 2.222567036311E-08
1696 2.215274713745E-08
1697 2.208947141995E-08
1698 2.198783174310E-08
1699 2.187587213797E-08
1700 2.176542005455E-08
1701 2.167315485510E-08
1702 2.157355844357E-08
1703 2.151578327103E-08
1704 2.144656583717E-08
1705 2.137388844361E-08
1706 2.125805132306E-08
1707 2.111128071022E-08
1708 2.102511040638E-08
1709 2.091902963291E-08
1710 2.083472108019E-08
1711 2.067496504410E-08
1712 2.049314215485E-08
1713 2.035951091726E-08
1714 2.027062207102E-08
1715 2.019180975957E-08
1716 2.008538794416E-08
1717 2.001362296029E-08
1718 1.990097007685E-08
1719 1.981498158082E-08
1720 1.973591053498E-08
1721 1.960041102969E-08
1722 1.947454286981E-08
1723 1.940489855426E-08
1724 1.935196460133E-08
1725 1.927036382374E-08
1726 1.917198608574E-08
1727 1.908018509736E-08
1728 1.898781412313E-08
1729 1.889298366823E-08
1730 1.879005259060E-08
1731 1.874487251090E-08
1732 1.864501844295E-08
1733 1.853462902654E-08
1734 1.840496959806E-08
1735 1.833481404736E-08
1736 1.827400632543E-08
1737 1.818268302901E-08
1738 1.806246565556E-08
1739 1.796842624555E-08
1740 1.786704710709E-08
1741 1.778563289233E-08
1742 1.770338816205E-08
1743 1.757919182887E-08
1744 1.743348106837E-08
1745 1.731678272267E-08
1746 1.723681291885E-08
1747 1.714251822719E-08
1748 1.707506660511E-08
1749 1.690024968018E-08
1750 1.678005617238E-08
1751 1.664677194362E-08
1752 1.655985628598E-08
1753 1.647470865455E-08
1754 1.640144162872E-08
1755 1.623615873431E-08
1756 1.608000615079E-08
1757 1.601870267389E-08
1758 1.596071761684E-08
1759 1.586401520665E-08
1760 1.568034862689E-08
1761 1.553170641199E-08
1762 1.541666828553E-08
1763 1.535893064745E-08
1764 1.528865179018E-08
1765 1.513853557469E-08
1766 1.501700165905E-08
1767 1.492618387335E-08
1768 1.483975211492E-08
1769 1.473959192101E-08
1770 1.457185364394E-08
1771 1.448548364872E-08
1772 1.438723446638E-08
1773 1.430554058635E-08
1774 1.416097727462E-08
1775 1.403802694358E-08
1776 1.397777774792E-08
1777 1.390339817928E-08
1778 1.381861991279E-08
1779 1.370792973157E-08
1780 1.356493388192E-08
1781 1.346720733825E-08
1782 1.337815116609E-08
1783 1.329129866304E-08
1784 1.309605989575E-08
1785 1.293847622525E-08
1786 1.288932870609E-08
1787 1.279994817872E-08
1788 1.273262607330E-08
1789 1.263782187212E-08
1790 1.244312192675E-08
1791 1.233669627822E-08
1792 1.225349767137E-08
1793 1.220713778214E-08
1794 1.215494922530E-08
1795 1.206914482605E-08
1796 1.195240829889E-08
1797 1.180446167841E-08
1798 1.174245206545E-08
1799 1.168402749689E-08
1800 1.160999101011E-08
1801 1.154276870260E-08
1802 1.143167769187E-08
1803 1.133741165139E-08
1804 1.129034581614E-08
1805 1.123657931718E-08
1806 1.116726648801E-08
1807 1.108622392718E-08
1808 1.098098390141E-08
1809 1.092460625006E-08
1810 1.087737868842E-08
1811 1.081879678183E-08
1812 1.074267127812E-08
1813 1.063565716176E-08
1814 1.056616271440E-08
1815 1.053154850140E-08
1816 1.047064303492E-08
1817 1.042591473545E-08
1818 1.033623625727E-08
1819 1.025835101795E-08
1820 1.018767452529E-08
1821 1.015901247254E-08
1822 1.011916226775E-08
1823 1.007887067293E-08
1824 9.983588084445E-09
