1 1.000000000000E+00
4 4.967600437878E-01
7 2.286878169948E-01
10 1.452494116534E-01
13 9.232818014690E-02
16 7.406323495199E-02
19 5.754748934536E-02
22 4.714260055897E-02
25 3.441274552243E-02
28 2.495656635977E-02
31 2.212238011315E-02
34 2.037021630476E-02
37 1.603455162088E-02
40 1.215649754276E-02
43 1.006009148681E-02
46 7.922797148595E-03
49 7.275821087943E-03
52 7.941332205304E-03
55 5.384504162375E-03
58 4.984727409167E-03
61 4.944485642212E-03
64 3.385419933003E-03
67 3.946313492028E-03
70 2.694056640540E-03
73 2.689654648097E-03
76 2.376544777750E-03
79 2.487898698674E-03
82 2.125519502218E-03
85 1.804887272229E-03
88 1.468945040117E-03
91 1.502710921599E-03
94 1.212189117052E-03
97 1.165970260193E-03
100 1.437372450429E-03
103 1.084900263434E-03
106 1.165672826130E-03
109 1.241704825497E-03
112 1.373700994718E-03
115 1.206249716383E-03
118 1.160635063140E-03
121 1.497810440298E-03
124 1.302480089879E-03
127 1.020600072391E-03
130 1.203699441549E-03
133 1.546394618888E-03
136 9.601664679654E-04
139 1.001070696852E-03
142 8.297085294724E-04
145 1.056837643984E-03
148 7.969924516187E-04
151 9.375412521637E-04
154 9.081203003155E-04
157 8.890083481262E-04
160 8.362478880616E-04
163 5.877963331473E-04
166 6.688662299322E-04
169 5.919166982005E-04
172 5.192238429053E-04
175 6.124457043066E-04
178 4.790762487953E-04
181 5.137569836929E-04
184 5.050146284443E-04
187 4.245574616752E-04
190 4.331237010557E-04
193 4.355825184842E-04
196 5.287932705804E-04
199 4.616877539540E-04
202 5.160465766706E-04
205 4.748977154795E-04
208 4.469063955308E-04
211 4.354408500742E-04
214 5.199818278063E-04
217 5.844426776190E-04
220 4.626695897220E-04
223 5.218366224562E-04
226 3.990365760989E-04
229 4.232606075356E-04
232 3.047585303128E-04
235 3.331782365278E-04
238 3.467969054203E-04
241 3.719775435608E-04
244 2.782310757440E-04
247 3.035943724815E-04
250 3.046703822772E-04
253 3.314687883795E-04
256 2.577720325142E-04
259 2.736885817580E-04
262 2.649245581631E-04
265 3.158610596817E-04
268 3.097453844401E-04
271 2.800168022624E-04
274 2.576562450226E-04
277 2.292233365128E-04
280 3.317630797220E-04
283 2.879885026449E-04
286 2.696585905210E-04
289 2.459750240288E-04
292 3.372870611542E-04
295 2.501198258129E-04
298 3.329119082366E-04
301 2.723945593154E-04
304 2.964411194482E-04
307 2.512336740046E-04
310 2.539508820631E-04
313 2.784093343334E-04
316 2.207345568353E-04
319 2.705327018356E-04
322 2.774452628331E-04
325 2.770478184690E-04
328 2.335611379389E-04
331 3.188976020550E-04
334 2.571944708024E-04
337 2.412739732314E-04
340 2.241022967074E-04
343 3.382614793152E-04
346 2.331680760801E-04
349 2.211708013195E-04
352 1.950950658275E-04
355 1.842768754714E-04
358 1.589696732600E-04
361 2.372192725421E-04
364 1.839507763369E-04
367 2.146000437237E-04
370 2.365057442205E-04
373 1.897060673981E-04
376 1.995038799817E-04
379 1.994105290043E-04
382 1.778661169398E-04
385 1.857220321794E-04
388 1.954462775487E-04
391 2.223830499445E-04
394 1.687779628421E-04
397 2.328028979628E-04
400 2.434275587995E-04
403 2.012049901706E-04
406 2.282657334173E-04
409 2.436570476951E-04
412 2.417741741420E-04
415 2.057318676225E-04
418 2.026753179414E-04
421 2.068256044392E-04
424 1.817506593610E-04
427 1.612775451134E-04
430 1.831406682857E-04
433 2.039038448732E-04
436 1.681056248666E-04
439 1.831275961184E-04
442 1.502601373386E-04
445 1.535246902461E-04
448 1.713555652712E-04
451 1.635381655764E-04
454 2.012530725338E-04
457 2.020482214207E-04
460 2.107354982050E-04
463 3.395337497257E-04
466 2.153323564047E-04
469 2.967632243454E-04
472 2.325691636839E-04
475 2.624649497705E-04
478 2.003357786176E-04
481 2.093716060007E-04
484 2.498653398812E-04
487 2.516145047488E-04
490 1.892554841983E-04
493 2.209436791435E-04
496 1.904181407971E-04
499 1.718008776110E-04
502 1.705175247401E-04
505 1.900913861133E-04
508 1.675037276921E-04
511 2.005242710165E-04
514 1.869846891608E-04
517 1.351348215536E-04
520 1.505529593301E-04
523 1.488898010408E-04
526 1.459212611160E-04
529 1.097792251264E-04
532 1.252263085427E-04
535 1.279835077933E-04
538 9.764601266996E-05
541 1.198745295101E-04
544 1.154608737732E-04
547 1.477882629809E-04
550 1.073597988222E-04
553 1.389940379651E-04
556 1.181861652027E-04
559 1.175707479290E-04
562 1.365101357643E-04
565 1.332295940650E-04
568 1.256778018144E-04
571 1.256475082269E-04
574 1.616992843256E-04
577 1.924248268159E-04
580 1.478054408596E-04
583 1.826632882731E-04
586 1.644945695643E-04
589 1.777307295258E-04
592 1.556217558369E-04
595 2.005080648949E-04
598 1.681498105178E-04
601 1.362329683366E-04
604 1.619491360535E-04
607 1.190095291300E-04
610 1.116180628569E-04
613 1.202524177617E-04
616 1.311651615748E-04
619 9.813805024526E-05
622 1.205888749997E-04
625 1.140601015874E-04
628 1.026298195104E-04
631 1.007614363010E-04
634 1.066487712974E-04
637 9.562526795839E-05
640 1.190187536456E-04
643 9.439548778263E-05
646 1.208862115889E-04
649 1.160483575023E-04
652 1.059564916046E-04
655 1.782806101463E-04
658 1.042946683226E-04
661 1.151441757336E-04
664 2.069554104833E-04
667 1.278569065826E-04
670 1.591158507494E-04
673 1.708828116762E-04
676 1.626378431290E-04
679 1.643659259440E-04
682 1.388257553476E-04
685 1.400517331665E-04
688 1.538422338306E-04
691 1.399389127598E-04
694 1.158332178037E-04
697 1.097129221864E-04
700 1.187786550036E-04
703 1.258136544579E-04
706 8.989197473157E-05
709 1.152608440289E-04
712 1.181381332169E-04
715 1.096064620973E-04
718 1.621821969007E-04
721 1.096684003168E-04
724 1.066788281000E-04
727 1.299078843767E-04
730 1.019592281980E-04
733 1.180462505047E-04
736 1.001714413831E-04
739 1.323718574083E-04
742 9.134795523279E-05
745 1.070336408923E-04
748 1.057537268490E-04
751 1.122869732771E-04
754 1.082745548578E-04
757 1.071824148898E-04
760 1.026462387012E-04
763 8.517651731299E-05
766 9.525961839787E-05
769 7.573704765807E-05
772 6.900123456512E-05
775 8.913891761814E-05
778 7.374756511056E-05
781 7.096196471342E-05
784 7.382738652310E-05
787 6.449790943330E-05
790 7.983563884501E-05
793 1.202592087425E-04
796 1.266618550251E-04
799 1.057010682835E-04
802 1.304233106205E-04
805 1.164670126103E-04
808 1.388337560872E-04
811 1.145784910437E-04
814 1.236266905797E-04
817 1.095019943508E-04
820 1.108878290161E-04
823 8.821182152955E-05
826 9.831633020090E-05
829 9.694968886242E-05
832 1.025100481105E-04
835 9.602801313032E-05
838 8.239105190969E-05
841 8.060421394590E-05
844 9.425912068815E-05
847 6.365027525948E-05
850 6.533536858123E-05
853 9.598709196662E-05
856 6.159352529897E-05
859 1.030243749882E-04
862 7.904834880396E-05
865 1.314557104836E-04
868 1.000015469055E-04
871 1.115866071879E-04
874 9.037548150492E-05
877 1.036747975748E-04
880 9.791010533108E-05
883 1.240037475222E-04
886 8.708280725817E-05
889 8.526098121553E-05
892 1.025719323249E-04
895 1.032643015420E-04
898 8.016524647761E-05
901 7.478723303548E-05
904 8.332593354683E-05
907 6.231372160773E-05
910 5.970833899892E-05
913 8.449501650667E-05
916 5.569245695424E-05
919 6.599849069287E-05
922 8.260614049177E-05
925 7.569468046824E-05
928 9.394135400472E-05
931 8.686596231641E-05
934 9.530263447839E-05
937 6.686666062812E-05
940 8.970501753576E-05
943 6.749886657400E-05
946 9.081062363174E-05
949 6.928964531132E-05
952 1.053311739917E-04
955 6.642390199170E-05
958 6.911278563983E-05
961 5.285537352292E-05
964 5.921383611700E-05
967 7.841744720653E-05
970 6.989486957583E-05
973 7.318481683577E-05
976 6.174254848678E-05
979 5.631737218211E-05
982 5.161641855710E-05
985 6.129777904485E-05
988 5.795706556609E-05
991 7.231523113020E-05
994 6.863793173694E-05
997 7.276868056612E-05
1000 7.428201560161E-05
1003 8.073812037780E-05
1006 8.667799480934E-05
1009 7.778258001304E-05
1012 6.614082311780E-05
1015 7.609231432669E-05
1018 7.050826087151E-05
1021 9.055002484847E-05
1024 7.192984318808E-05
1027 9.028343099418E-05
1030 7.552545733748E-05
1033 8.278282076217E-05
1036 4.852086690604E-05
1039 7.011762249499E-05
1042 5.258355016512E-05
1045 5.014256374318E-05
1048 5.145215366055E-05
1051 5.461961493283E-05
1054 7.255131468482E-05
1057 6.630046132085E-05
1060 5.334278647377E-05
1063 6.278090752983E-05
1066 5.341546154788E-05
1069 7.738544704474E-05
1072 5.603806794820E-05
1075 6.642775494986E-05
1078 6.073565160647E-05
1081 7.372397613564E-05
1084 7.049955085169E-05
1087 6.949699619456E-05
1090 8.915718957262E-05
1093 6.917551636791E-05
1096 9.877078384771E-05
1099 7.939614779638E-05
1102 6.859310666710E-05
1105 7.067548330251E-05
1108 5.493811983029E-05
1111 5.705853576297E-05
1114 6.247995001594E-05
1117 6.346293368650E-05
1120 4.826600768918E-05
1123 4.447635928926E-05
1126 3.683213008441E-05
1129 4.170846149867E-05
1132 4.240422273428E-05
1135 5.288560436870E-05
1138 4.640770434011E-05
1141 5.698496455321E-05
1144 6.455317794943E-05
1147 6.396212414742E-05
1150 5.957191270436E-05
1153 6.376419522062E-05
1156 6.848570943741E-05
1159 6.785607707155E-05
1162 9.926403439204E-05
1165 8.584674719783E-05
1168 9.240136159013E-05
1171 9.057622804984E-05
1174 8.112300199068E-05
1177 9.057166303825E-05
1180 6.891445871459E-05
1183 7.075760264812E-05
1186 6.360231648819E-05
1189 6.466176879421E-05
1192 6.049559194826E-05
1195 5.199551529967E-05
1198 5.322113173825E-05
1201 4.534212580054E-05
1204 3.983948471962E-05
1207 4.409337076320E-05
1210 4.416966482885E-05
1213 4.907046968806E-05
1216 4.773101257018E-05
1219 6.306616732451E-05
1222 4.726833013697E-05
1225 4.974936422912E-05
1228 5.129924248923E-05
1231 5.878280238571E-05
1234 8.535971070297E-05
1237 8.120394323085E-05
1240 8.149453075170E-05
1243 7.215147967824E-05
1246 1.010903130094E-04
1249 7.428390766125E-05
1252 6.399884485112E-05
1255 7.452203136928E-05
1258 7.501654035422E-05
1261 7.137717033868E-05
1264 8.030267763124E-05
1267 5.389802732554E-05
1270 5.323027814541E-05
1273 7.325650859523E-05
1276 6.386782300657E-05
1279 6.434137086072E-05
1282 6.800791737665E-05
1285 4.698013733008E-05
1288 4.776074507380E-05
1291 4.572994790683E-05
1294 6.467993363796E-05
1297 4.633752860120E-05
1300 5.831085116627E-05
1303 6.556211361417E-05
1306 5.711996372251E-05
1309 6.633861096825E-05
1312 6.462420270420E-05
1315 8.079021031659E-05
1318 6.497745356727E-05
1321 6.677973009177E-05
1324 5.581148343422E-05
1327 5.241513197288E-05
1330 6.395896289213E-05
1333 5.637829072625E-05
1336 6.209304513495E-05
1339 4.566922810600E-05
1342 5.661683146680E-05
1345 5.150962772552E-05
1348 4.760504734550E-05
1351 7.543076619664E-05
1354 5.614035138353E-05
1357 5.739583913940E-05
1360 6.824291016317E-05
1363 6.607140340147E-05
1366 7.366823006985E-05
1369 5.461838535653E-05
1372 7.576429769116E-05
1375 6.410349301716E-05
1378 7.815050042006E-05
1381 5.885611182127E-05
1384 6.756161719046E-05
1387 6.722500687072E-05
1390 8.552447987945E-05
1393 6.105683868417E-05
1396 5.839172852875E-05
1399 5.805843042644E-05
1402 5.626241900964E-05
1405 4.764731397027E-05
1408 4.973373985800E-05
1411 5.041760299023E-05
1414 6.125325493643E-05
1417 3.771337352884E-05
1420 5.290045253907E-05
1423 3.566346234735E-05
1426 3.809390733535E-05
1429 3.869885010586E-05
1432 4.053827441458E-05
1435 4.268896336891E-05
1438 4.865835857668E-05
1441 7.929299377097E-05
1444 7.055916865221E-05
1447 6.373900190320E-05
1450 5.921036533323E-05
1453 7.077901399122E-05
1456 6.127704484810E-05
1459 7.269795911867E-05
1462 5.366002238058E-05
1465 7.250434800320E-05
1468 6.433259688905E-05
1471 6.903372098733E-05
1474 8.573130575941E-05
1477 6.597767788068E-05
1480 5.931265989962E-05
1483 5.780715224393E-05
1486 5.150291826830E-05
1489 4.444798363114E-05
1492 4.936731323457E-05
1495 4.525500442819E-05
1498 4.183238793311E-05
1501 3.526445654002E-05
1504 4.693102705264E-05
1507 4.281538369470E-05
1510 4.684207246605E-05
1513 4.306520829092E-05
1516 4.551905499407E-05
1519 4.924861008167E-05
1522 4.274776555089E-05
1525 5.062417166225E-05
1528 5.746660258405E-05
1531 8.274796861539E-05
1534 5.245215847788E-05
1537 4.876092504991E-05
1540 6.077810798129E-05
1543 5.008513558444E-05
1546 4.235029994570E-05
1549 5.426682598882E-05
1552 5.580641683785E-05
1555 6.342773892237E-05
1558 5.456984603664E-05
1561 5.833435525458E-05
1564 7.039887205386E-05
1567 6.954517752374E-05
1570 6.775091807798E-05
1573 5.612801802229E-05
1576 4.360212637913E-05
1579 5.452074255134E-05
1582 5.212808733398E-05
1585 4.809846870965E-05
1588 4.177975552970E-05
1591 5.259844457846E-05
1594 4.913422459337E-05
1597 5.356151373660E-05
1600 3.682783348536E-05
1603 5.536088850980E-05
1606 3.735112493896E-05
1609 3.933889265733E-05
1612 4.269142403415E-05
1615 4.260556447711E-05
1618 4.675178108040E-05
1621 4.289906982983E-05
1624 5.006097110171E-05
1627 5.378656533994E-05
1630 4.052600643850E-05
1633 5.674298036671E-05
1636 3.899238426130E-05
1639 4.324249070786E-05
1642 5.259713830399E-05
1645 5.158620799934E-05
1648 5.157796534219E-05
1651 5.089064075955E-05
1654 5.735925717291E-05
1657 4.603719304714E-05
1660 5.274779009339E-05
1663 5.656851760907E-05
1666 5.109619649894E-05
1669 5.856124211044E-05
1672 6.844583536066E-05
1675 7.143866758314E-05
1678 6.167266215015E-05
1681 6.853137036450E-05
1684 6.067502712398E-05
1687 6.491328410981E-05
1690 6.255372736654E-05
1693 7.332195898167E-05
1696 5.730930765058E-05
1699 5.266914025643E-05
1702 4.394562344697E-05
1705 5.641846839886E-05
1708 4.531107672528E-05
1711 3.547582435916E-05
1714 3.544425962408E-05
1717 4.351589072621E-05
1720 4.459885737664E-05
1723 4.922610416023E-05
1726 4.049844689615E-05
1729 4.328162359538E-05
1732 4.099011412072E-05
1735 4.765967389745E-05
1738 5.046193950689E-05
1741 4.040739951845E-05
1744 4.204646744350E-05
1747 4.952725900344E-05
1750 3.792049799500E-05
1753 5.558155485222E-05
1756 5.267720804572E-05
1759 5.988495088526E-05
1762 5.875082581530E-05
1765 5.238109898372E-05
1768 5.233980470954E-05
1771 4.205814178087E-05
1774 3.803402252141E-05
1777 4.330638808352E-05
1780 3.034032604950E-05
1783 3.919388529007E-05
1786 3.544108614591E-05
1789 3.321785663695E-05
1792 4.062480662442E-05
1795 3.681899590212E-05
1798 3.520002503761E-05
1801 4.028415807921E-05
1804 4.135216162548E-05
1807 4.551424906657E-05
1810 4.786018197867E-05
1813 4.619051714114E-05
1816 5.707454086495E-05
1819 5.478091123317E-05
1822 6.090402472273E-05
1825 6.139309904052E-05
1828 5.964593205198E-05
1831 5.489182155688E-05
1834 6.018193799221E-05
1837 5.613096610414E-05
1840 4.018456893929E-05
1843 3.897066759893E-05
1846 5.315782492025E-05
1849 4.522497207381E-05
1852 5.369402772399E-05
1855 5.155075669473E-05
1858 5.142119446997E-05
1861 4.974419023490E-05
1864 5.440417865817E-05
1867 4.851282005198E-05
1870 4.341828662550E-05
1873 4.117572262530E-05
1876 4.096820214646E-05
1879 3.467758422753E-05
1882 3.260712645589E-05
1885 3.276227866912E-05
1888 3.286228076524E-05
1891 4.353155774611E-05
1894 3.663525944451E-05
1897 6.214210310265E-05
1900 3.963031012371E-05
1903 4.325611580756E-05
1906 4.318531216225E-05
1909 4.886005451273E-05
1912 6.475273965931E-05
1915 5.407496647740E-05
1918 5.419936314148E-05
1921 4.964478872805E-05
1924 4.186346847807E-05
1927 4.135812497966E-05
1930 3.833939901123E-05
1933 4.577058592957E-05
1936 4.332964424458E-05
1939 3.483728492594E-05
1942 3.192759528287E-05
1945 5.630610953430E-05
1948 3.845197860319E-05
1951 4.311663589877E-05
1954 5.123789531101E-05
1957 4.298225321326E-05
1960 4.941654396240E-05
1963 4.544190851670E-05
1966 5.943561071792E-05
1969 4.659968951976E-05
1972 4.647392376908E-05
1975 4.916696063531E-05
1978 5.100741368393E-05
1981 4.658664713642E-05
1984 5.563777939002E-05
1987 4.608251639553E-05
1990 3.892348079702E-05
1993 4.049393333622E-05
1996 4.427447617790E-05
1999 4.656410242892E-05
2002 4.801821169595E-05
2005 6.739744064216E-05
2008 4.210077858526E-05
2011 5.698181068262E-05
2014 4.484420089959E-05
2017 4.677023375025E-05
2020 6.518000389995E-05
2023 3.942307284865E-05
2026 5.201379433177E-05
2029 5.531694855643E-05
2032 7.074611729248E-05
2035 5.049347250611E-05
2038 5.576093420005E-05
2041 4.763566968220E-05
2044 3.190121128757E-05
2047 2.869095322080E-05
2050 3.176276473723E-05
2053 3.487866652566E-05
2056 4.734210056753E-05
2059 4.903971873452E-05
2062 5.661775609915E-05
2065 4.280623840917E-05
2068 5.775728321485E-05
2071 5.298946560283E-05
2074 7.034417540317E-05
2077 5.692180913707E-05
2080 5.294788215814E-05
2083 6.536473165113E-05
2086 5.076840854569E-05
2089 7.541356253861E-05
2092 5.291120663959E-05
2095 6.374788442470E-05
2098 3.676317503950E-05
2101 4.176573612460E-05
2104 6.071827460047E-05
2107 4.287378376382E-05
2110 3.986809572833E-05
2113 3.868069740444E-05
2116 3.775801968860E-05
2119 4.262925771992E-05
2122 3.861885742312E-05
2125 3.816323079444E-05
2128 5.038009798369E-05
2131 3.634111578475E-05
2134 4.622549939481E-05
2137 4.644027669961E-05
2140 6.080326310149E-05
2143 6.046273723903E-05
2146 5.501581033049E-05
2149 4.853983321460E-05
2152 4.445374231267E-05
2155 6.895085470367E-05
2158 5.325378599442E-05
2161 4.351596518179E-05
2164 5.290130246595E-05
2167 3.788175260803E-05
2170 3.894588741228E-05
2173 3.542146097162E-05
2176 3.014713043802E-05
2179 2.978912753697E-05
2182 2.534423426489E-05
2185 2.836188564005E-05
2188 2.916081283578E-05
2191 3.258413709896E-05
2194 3.352937676868E-05
2197 4.057293091126E-05
2200 3.200643048811E-05
2203 3.944609071984E-05
2206 4.344862057150E-05
2209 3.717063179670E-05
2212 4.147874882122E-05
2215 4.725576976029E-05
2218 4.059577173141E-05
2221 3.494027121704E-05
2224 3.621383547802E-05
2227 3.762598220533E-05
2230 3.124303487955E-05
2233 4.334005109860E-05
2236 3.337792849295E-05
2239 3.938147408016E-05
2242 3.575888194569E-05
2245 4.959255861696E-05
2248 3.336753767953E-05
2251 3.013026175223E-05
2254 3.957372652607E-05
2257 3.718499655172E-05
2260 4.169392242645E-05
2263 4.082189952507E-05
2266 3.949749681811E-05
2269 3.366251325419E-05
2272 2.595228084698E-05
2275 3.330160307049E-05
2278 4.804049898023E-05
2281 5.200191450343E-05
2284 3.821554121610E-05
2287 4.054927410847E-05
2290 4.825543780652E-05
2293 3.834940079654E-05
2296 4.221241953713E-05
2299 3.424611953102E-05
2302 4.062726945307E-05
2305 3.183514414978E-05
2308 5.598340141435E-05
2311 4.453706616144E-05
2314 4.096886776357E-05
2317 4.649671975644E-05
2320 3.997726561474E-05
2323 4.389581498327E-05
2326 4.505018780671E-05
2329 4.385471693498E-05
2332 5.005484706545E-05
2335 4.632935165048E-05
2338 4.523891585556E-05
2341 4.740568379432E-05
2344 5.005574845111E-05
2347 3.579128458508E-05
2350 3.819133587464E-05
2353 3.643983603136E-05
2356 3.930524137254E-05
2359 2.901626485347E-05
2362 3.411490114482E-05
2365 2.470929959014E-05
2368 3.445954267463E-05
2371 4.659194375699E-05
2374 4.142410040941E-05
2377 5.301466994660E-05
2380 5.065971719014E-05
2383 4.975494107993E-05
2386 5.313610778939E-05
2389 3.453209903726E-05
2392 3.433362029544E-05
2395 4.079467094415E-05
2398 3.412153617249E-05
2401 3.680198039063E-05
2404 4.155986736250E-05
2407 5.384292542165E-05
2410 3.517749080178E-05
2413 3.467736162750E-05
2416 4.103381112453E-05
2419 3.745149050414E-05
2422 3.857258106827E-05
2425 3.334143936942E-05
2428 3.139235295141E-05
2431 3.399898392849E-05
2434 3.468106953699E-05
2437 3.228533103545E-05
2440 3.535898198127E-05
2443 4.011212487148E-05
2446 4.351250466939E-05
2449 4.203561634822E-05
2452 4.994935629078E-05
2455 4.732689767726E-05
2458 4.346972429846E-05
2461 5.162054490149E-05
2464 4.617049267292E-05
2467 5.360444207112E-05
2470 4.617434481739E-05
2473 4.045837470231E-05
2476 3.917150458255E-05
2479 5.318631420672E-05
2482 3.359849351879E-05
2485 3.567986623368E-05
2488 3.224540015160E-05
2491 3.590936561674E-05
2494 3.907322047067E-05
2497 3.354229758552E-05
2500 2.601418798487E-05
2503 4.652226532952E-05
2506 3.377878858133E-05
2509 3.512407107860E-05
2512 3.778427976629E-05
2515 3.754567619482E-05
2518 3.753047436613E-05
2521 3.595809096521E-05
2524 4.149201067251E-05
2527 4.245633156758E-05
2530 5.788646638176E-05
2533 5.807334044209E-05
2536 4.997392414662E-05
2539 6.215506481042E-05
2542 5.023132365470E-05
2545 4.621230738896E-05
2548 6.338770722999E-05
2551 4.683131032898E-05
2554 5.183879689584E-05
2557 5.269788151207E-05
2560 4.545192916682E-05
2563 3.523812844824E-05
2566 3.292658115092E-05
2569 3.137461317095E-05
2572 2.827171123541E-05
2575 2.519566298394E-05
2578 3.875902800441E-05
2581 3.133469964124E-05
2584 3.378605187824E-05
2587 3.124421063923E-05
2590 5.610240549534E-05
2593 3.282934759305E-05
2596 3.386822782439E-05
2599 3.976859826990E-05
2602 4.065014143727E-05
2605 4.958337226293E-05
2608 4.137673939359E-05
2611 4.137535795715E-05
2614 4.031427908164E-05
2617 3.666244610726E-05
2620 3.381654268532E-05
2623 4.140822180526E-05
2626 3.550013437454E-05
2629 4.338977441092E-05
2632 3.664411212143E-05
2635 2.837850342527E-05
2638 3.672256509263E-05
2641 3.373134458669E-05
2644 3.988977654162E-05
2647 2.265246710356E-05
2650 2.541017495319E-05
2653 2.724422584255E-05
2656 2.998847900480E-05
2659 3.307720546628E-05
2662 2.779817611317E-05
2665 3.526548424695E-05
2668 3.932136835309E-05
2671 4.288461489180E-05
2674 3.915784424504E-05
2677 4.566228986219E-05
2680 3.558486315756E-05
2683 3.670742063000E-05
2686 3.335864943785E-05
2689 3.602968423758E-05
2692 3.725136649351E-05
2695 3.110737868379E-05
2698 3.792740579569E-05
2701 3.531281253068E-05
2704 2.662038740405E-05
2707 3.113069928010E-05
2710 2.601004599698E-05
2713 3.141693002397E-05
2716 2.337417281057E-05
2719 3.114855229645E-05
2722 3.876777730148E-05
2725 3.369215828463E-05
2728 3.889129800484E-05
2731 3.395666232444E-05
2734 4.274336511202E-05
2737 4.678135780716E-05
2740 4.548119384378E-05
2743 4.862354653056E-05
2746 4.685950512950E-05
2749 4.694539888782E-05
2752 6.309362303925E-05
2755 4.859947021866E-05
2758 5.216824067051E-05
2761 3.662395859206E-05
2764 3.447321875545E-05
2767 3.656668066564E-05
2770 3.626341214428E-05
2773 3.865020866699E-05
2776 3.254905379474E-05
2779 2.712703307695E-05
2782 3.155000981148E-05
2785 2.621886254516E-05
2788 2.970615405921E-05
2791 3.055474134976E-05
2794 3.594041871336E-05
2797 4.023817207568E-05
2800 3.908113712063E-05
2803 3.629503921454E-05
2806 3.345654414667E-05
2809 3.385112527777E-05
2812 2.877666986134E-05
2815 3.360696141011E-05
2818 3.286801023496E-05
2821 2.897272392210E-05
2824 3.325063198521E-05
2827 4.281148535372E-05
2830 3.355850782832E-05
2833 4.439554012351E-05
2836 4.487753433476E-05
2839 4.108634746777E-05
2842 4.041443004104E-05
2845 3.348250795804E-05
2848 3.084962021708E-05
2851 3.330211499575E-05
2854 2.131709990255E-05
2857 2.311474934087E-05
2860 2.941610996280E-05
2863 3.186810715664E-05
2866 2.531120444861E-05
2869 2.702828321361E-05
2872 3.015893340487E-05
2875 2.819213411605E-05
2878 3.679718491489E-05
2881 3.967218474097E-05
2884 4.321949656995E-05
2887 3.551431582227E-05
2890 5.574320683102E-05
2893 4.501220742245E-05
2896 3.836631165623E-05
2899 4.573138913337E-05
2902 3.513106478943E-05
2905 3.202880439392E-05
2908 3.889903443816E-05
2911 3.023444277553E-05
2914 2.671618001737E-05
2917 2.687731164675E-05
2920 2.655206794417E-05
2923 2.611411106750E-05
2926 2.636355516321E-05
2929 2.689170553517E-05
2932 3.110928479876E-05
2935 3.225111193772E-05
2938 2.741590388624E-05
2941 3.707931026460E-05
2944 3.377529011107E-05
2947 2.897547082241E-05
2950 3.245059038183E-05
2953 3.118242089866E-05
2956 3.999674468545E-05
2959 2.845489066739E-05
2962 3.415239121239E-05
2965 4.348178975852E-05
2968 4.034064539748E-05
2971 3.326455364888E-05
2974 4.034148169232E-05
2977 2.847542905381E-05
2980 2.773224553077E-05
2983 2.730373509804E-05
2986 3.143180368581E-05
2989 2.130143863509E-05
2992 2.231663441211E-05
2995 2.458864348089E-05
2998 2.737201521365E-05
3001 3.174602563687E-05
3004 2.565529503731E-05
3007 3.276316078787E-05
3010 2.349725384089E-05
3013 2.206108426453E-05
3016 3.079209781796E-05
3019 2.895307461341E-05
3022 3.227348842159E-05
3025 3.714716366013E-05
3028 3.434154524650E-05
3031 3.992002853860E-05
3034 3.407054290650E-05
3037 3.061655381194E-05
3040 3.169145999243E-05
3043 4.006957627702E-05
3046 3.905113939515E-05
3049 3.267320595727E-05
3052 4.052019567038E-05
3055 3.308638385575E-05
3058 2.822613346880E-05
3061 2.283267767784E-05
3064 1.732196786377E-05
3067 1.903015019531E-05
3070 1.604747776816E-05
3073 1.468357628598E-05
3076 1.501575568508E-05
3079 1.778489706654E-05
3082 2.101964984863E-05
3085 2.417054622452E-05
3088 3.245611051502E-05
3091 2.591174852901E-05
3094 2.411348606741E-05
3097 2.443850915641E-05
3100 3.411740390067E-05
3103 2.699374606093E-05
3106 3.186130840991E-05
3109 3.370512868802E-05
3112 2.629466787471E-05
3115 2.999014309476E-05
3118 2.041753054061E-05
3121 2.558510599801E-05
3124 1.681219696120E-05
3127 2.023479864734E-05
3130 1.744486624350E-05
3133 2.711034396904E-05
3136 3.052479371107E-05
3139 3.084035458092E-05
3142 2.412754133251E-05
3145 2.399024681899E-05
3148 1.940740521776E-05
3151 2.328730715653E-05
3154 2.212272635170E-05
3157 2.713529593234E-05
3160 2.436439665186E-05
3163 2.895958156701E-05
3166 2.978716558639E-05
3169 2.857541569976E-05
3172 3.383508179337E-05
3175 3.092981728940E-05
3178 2.531393970227E-05
3181 2.481180173442E-05
3184 3.588834367701E-05
3187 3.297696167974E-05
3190 3.487199129943E-05
3193 2.989846699921E-05
3196 3.388834910387E-05
3199 2.025996021717E-05
3202 2.084229020480E-05
3205 1.699980631300E-05
3208 1.830098467686E-05
3211 2.433960085704E-05
3214 2.196457251665E-05
3217 2.054566857469E-05
3220 2.132643428014E-05
3223 1.896445171628E-05
3226 2.314323870363E-05
3229 1.914021945860E-05
3232 3.084837430424E-05
3235 1.852217518646E-05
3238 1.949101573459E-05
3241 1.689965575915E-05
3244 2.442496256195E-05
3247 2.844623375446E-05
3250 2.460611584888E-05
3253 2.598859203183E-05
3256 2.405746172835E-05
3259 2.776396550760E-05
3262 3.095674738345E-05
3265 2.196075585375E-05
3268 2.374420514149E-05
3271 2.651720442213E-05
3274 2.399083486525E-05
3277 2.096799279651E-05
3280 2.710922547014E-05
3283 1.954066899735E-05
3286 1.716832788994E-05
3289 2.157472020444E-05
3292 1.760451335976E-05
3295 1.834485485469E-05
3298 1.828849572171E-05
3301 2.086972936307E-05
3304 2.018697457935E-05
3307 3.028269951551E-05
3310 2.561234903772E-05
3313 2.524321011058E-05
3316 2.712591287532E-05
3319 2.377919465386E-05
3322 2.298523785001E-05
3325 2.489005289140E-05
3328 2.756423044942E-05
3331 2.127276921338E-05
3334 2.626128969780E-05
3337 1.925420256243E-05
3340 2.000151655643E-05
3343 1.974428324484E-05
3346 1.540116711224E-05
3349 1.721256900288E-05
3352 2.077086099198E-05
3355 1.430496055767E-05
3358 2.687244090482E-05
3361 2.236400231087E-05
3364 2.073037184919E-05
3367 2.676426200805E-05
3370 2.707323179822E-05
3373 2.089518002374E-05
3376 2.113508416714E-05
3379 2.794793719178E-05
3382 2.605807374988E-05
3385 2.836562696580E-05
3388 2.470169265457E-05
3391 2.514260115614E-05
3394 2.730561017793E-05
3397 2.495742145365E-05
3400 2.687706246210E-05
3403 2.950829708319E-05
3406 2.215479509010E-05
3409 2.740981014896E-05
3412 1.612826937766E-05
3415 1.689144867538E-05
3418 2.274945314477E-05
3421 2.151608123487E-05
3424 1.607192155977E-05
3427 1.773514572173E-05
3430 1.800590798007E-05
3433 2.273754366781E-05
3436 2.367143575828E-05
3439 2.481686576820E-05
3442 2.300740552986E-05
3445 2.661115433584E-05
3448 2.668187558656E-05
3451 2.850641457979E-05
3454 3.276247719750E-05
3457 2.280221099348E-05
3460 2.403401358216E-05
3463 1.448913777984E-05
3466 1.463839630154E-05
3469 1.972792511754E-05
3472 1.715237442546E-05
3475 1.333953676103E-05
3478 1.313024367967E-05
3481 1.893908232290E-05
3484 1.574678534420E-05
3487 1.961124599444E-05
3490 1.584017571414E-05
3493 2.475748041850E-05
3496 1.799679848989E-05
3499 2.250687039677E-05
3502 2.308471528269E-05
3505 2.609861685215E-05
3508 2.763359081178E-05
3511 2.092115816413E-05
3514 2.269004202580E-05
3517 2.184392595755E-05
3520 2.216943138278E-05
3523 2.023431505177E-05
3526 1.727235188111E-05
3529 1.808103890010E-05
3532 1.873233961745E-05
3535 1.684698372606E-05
3538 1.499524094637E-05
3541 2.125489971505E-05
3544 1.830764561915E-05
3547 1.357784615288E-05
3550 1.367204082842E-05
3553 1.319194132697E-05
3556 1.496456065308E-05
3559 1.716435474917E-05
3562 1.436603180364E-05
3565 1.765817645927E-05
3568 1.769214274109E-05
3571 2.012969801091E-05
3574 2.741149333482E-05
3577 2.298278673472E-05
3580 2.189668541275E-05
3583 1.822920683386E-05
3586 2.272429068667E-05
3589 2.357183875680E-05
3592 2.377373617886E-05
3595 2.252845780344E-05
3598 1.828604082632E-05
3601 2.179941256239E-05
3604 2.195556097055E-05
3607 2.290797277630E-05
3610 2.401729934466E-05
3613 1.902090094722E-05
3616 2.031397867280E-05
3619 1.725839339375E-05
3622 1.994235506847E-05
3625 1.703412809538E-05
3628 1.598318046024E-05
3631 2.052140145176E-05
3634 1.759752403494E-05
3637 1.739386490221E-05
3640 2.669488124043E-05
3643 1.658714014828E-05
3646 2.444995295959E-05
3649 2.408625820537E-05
3652 2.259377199138E-05
3655 2.488225498885E-05
3658 2.301471318312E-05
3661 3.878210499657E-05
3664 3.696757875969E-05
3667 3.067608621528E-05
3670 3.108219430178E-05
3673 2.485334439515E-05
3676 2.550324959254E-05
3679 2.237656793716E-05
3682 2.933285945141E-05
3685 3.011797251796E-05
3688 2.178705731591E-05
3691 1.638597018327E-05
3694 1.892551106406E-05
3697 2.060058479267E-05
3700 2.146103458143E-05
3703 1.885696158696E-05
3706 1.657628778525E-05
3709 1.995148469736E-05
3712 1.598340588196E-05
3715 1.814213656514E-05
3718 2.469356691184E-05
3721 1.776237349735E-05
3724 1.895805611878E-05
3727 2.142932218576E-05
3730 2.489021292001E-05
3733 3.000590051412E-05
3736 3.448579060126E-05
3739 2.324461268967E-05
3742 2.216152491251E-05
3745 2.855855179976E-05
3748 2.749842328636E-05
3751 2.611499982876E-05
3754 1.797608576922E-05
3757 1.680423203052E-05
3760 1.597052594842E-05
3763 2.197587334493E-05
3766 1.896634399942E-05
3769 1.588672333649E-05
3772 1.767991187383E-05
3775 2.148816976607E-05
3778 1.910040506883E-05
3781 2.445407670402E-05
3784 2.260736800796E-05
3787 2.755964729420E-05
3790 1.858496162234E-05
3793 1.987523056340E-05
3796 2.641114629623E-05
3799 2.624559343210E-05
3802 2.675849124512E-05
3805 2.422993783747E-05
3808 2.329389501977E-05
3811 2.662521924970E-05
3814 2.290546921829E-05
3817 2.064585178437E-05
3820 2.954339875727E-05
3823 2.380746514449E-05
3826 2.209937408067E-05
3829 2.855577617883E-05
3832 2.349392419841E-05
3835 2.168344411062E-05
3838 2.103796236866E-05
3841 1.966084318496E-05
3844 2.460374747394E-05
3847 2.052581646391E-05
3850 1.570383239884E-05
3853 2.224233807628E-05
3856 1.919792049099E-05
3859 1.806851011437E-05
3862 2.073945941525E-05
3865 1.861813449829E-05
3868 2.053546525679E-05
3871 2.287392239907E-05
3874 2.328815876942E-05
3877 2.254337379306E-05
3880 1.856033025366E-05
3883 2.903626583785E-05
3886 2.748476205200E-05
3889 2.505999607887E-05
3892 2.870521450315E-05
3895 2.722188749023E-05
3898 2.225239728398E-05
3901 3.272708075044E-05
3904 2.107548562418E-05
3907 2.640953351380E-05
3910 1.829706616173E-05
3913 2.119041572995E-05
3916 2.352432851537E-05
3919 2.182065970172E-05
3922 2.300686980070E-05
3925 2.498876372010E-05
3928 2.330673571912E-05
3931 1.872403519829E-05
3934 1.727887196219E-05
3937 1.716324369281E-05
3940 1.749202165547E-05
3943 1.709319216320E-05
3946 1.646630267492E-05
3949 1.938618992107E-05
3952 2.783575884680E-05
3955 2.111252397143E-05
3958 1.853514935034E-05
3961 2.095573972313E-05
3964 1.237770640269E-05
3967 1.197705007961E-05
3970 1.409064480183E-05
3973 1.399266356613E-05
3976 1.475072729177E-05
3979 1.628954343701E-05
3982 1.186394755379E-05
3985 1.691220645874E-05
3988 1.946827190210E-05
3991 2.073308239040E-05
3994 2.184540286627E-05
3997 2.101802138653E-05
4000 2.238635126381E-05
4003 1.701484412314E-05
4006 1.801674368743E-05
4009 1.779160586257E-05
4012 2.291754505509E-05
4015 1.864281976795E-05
4018 1.844151328455E-05
4021 1.786507903578E-05
4024 1.784268365089E-05
4027 1.709689571886E-05
4030 1.538266857190E-05
4033 1.190667950095E-05
4036 1.067544741515E-05
4039 1.249493644431E-05
4042 1.345177852708E-05
4045 1.317286854916E-05
4048 1.256626263252E-05
4051 1.430611380803E-05
4054 1.196381077806E-05
4057 1.430921567873E-05
4060 1.523181772343E-05
4063 2.185315977135E-05
4066 1.855065644568E-05
4069 1.647258578634E-05
4072 1.330505819379E-05
4075 1.922334946157E-05
4078 2.299406927345E-05
4081 1.708081015474E-05
4084 1.679712600559E-05
4087 1.657973611248E-05
4090 1.822260555011E-05
4093 1.558700383515E-05
4096 1.622695096827E-05
4099 1.374882730503E-05
4102 1.156507253217E-05
4105 1.034927508098E-05
4108 1.365506869488E-05
4111 1.049989147357E-05
4114 1.435965890289E-05
4117 1.376537425259E-05
4120 1.887800012483E-05
4123 1.700112356091E-05
4126 2.350916157867E-05
4129 1.674840736773E-05
4132 2.546133133797E-05
4135 1.954939768224E-05
4138 2.237533731363E-05
4141 2.284552643213E-05
4144 1.782866931527E-05
4147 1.561096085939E-05
4150 1.877395026682E-05
4153 1.347672943906E-05
4156 1.634194077976E-05
4159 1.833072631364E-05
4162 1.830264264067E-05
4165 1.565055552226E-05
4168 1.599337777578E-05
4171 1.565947429820E-05
4174 1.377576739035E-05
4177 1.287873227593E-05
4180 1.239256740841E-05
4183 1.393743950797E-05
4186 1.480101195944E-05
4189 1.302769174154E-05
4192 1.310361486009E-05
4195 1.539852112710E-05
4198 1.952294374396E-05
4201 1.797115085548E-05
4204 1.331119219718E-05
4207 1.641078225492E-05
4210 2.140638925523E-05
4213 1.931013109413E-05
4216 1.562385430423E-05
4219 1.531405099934E-05
4222 1.637769060127E-05
4225 1.325221645496E-05
4228 1.484938195308E-05
4231 1.285926461160E-05
4234 1.458622781206E-05
4237 1.524352060045E-05
4240 1.619662663987E-05
4243 1.268640972693E-05
4246 1.254610287626E-05
4249 1.179017187231E-05
4252 1.459897979695E-05
4255 1.173324630432E-05
4258 1.207967909565E-05
4261 1.349070450747E-05
4264 1.016119459152E-05
4267 1.054398521750E-05
4270 1.574815213951E-05
4273 1.566162152599E-05
4276 1.283216455234E-05
4279 1.523390344203E-05
4282 1.769277134532E-05
4285 1.633152441200E-05
4288 1.855688138961E-05
4291 1.657999111387E-05
4294 1.584346490486E-05
4297 1.740213191155E-05
4300 1.730533311319E-05
4303 1.457211850296E-05
4306 1.333300817114E-05
4309 1.369952109293E-05
4312 1.342609417554E-05
4315 1.045527577661E-05
4318 8.937331339832E-06
4321 1.124991664234E-05
4324 1.283259796803E-05
4327 1.232241668213E-05
4330 1.799142834138E-05
4333 1.253055362954E-05
4336 1.471773033756E-05
4339 1.821989683209E-05
4342 1.523605056146E-05
4345 1.765438150868E-05
4348 1.190600241976E-05
4351 1.418858730335E-05
4354 1.239746811707E-05
4357 1.481467989328E-05
4360 1.484403491871E-05
4363 1.392701226503E-05
4366 1.302641751472E-05
4369 1.265082003622E-05
4372 1.248439358200E-05
4375 2.266192690821E-05
4378 1.497675507249E-05
4381 1.294991639856E-05
4384 1.041344220287E-05
4387 8.946005840802E-06
4390 1.108471517168E-05
4393 1.437907336547E-05
4396 1.079463542615E-05
4399 1.194010524693E-05
4402 1.059202163002E-05
4405 1.157318674959E-05
4408 1.040274346770E-05
4411 1.442811802036E-05
4414 9.831457588670E-06
4417 1.079713572703E-05
4420 1.082566992193E-05
4423 1.174331090907E-05
4426 1.324989743747E-05
4429 1.016370992492E-05
4432 7.647562882940E-06
4435 1.101326346765E-05
4438 1.141724029314E-05
4441 1.011414657288E-05
4444 1.283387181603E-05
4447 1.425715316031E-05
4450 1.473670971469E-05
4453 1.211814340667E-05
4456 1.161247744084E-05
4459 1.494735475768E-05
4462 1.205599191461E-05
4465 1.344550406960E-05
4468 1.445390375347E-05
4471 1.269038948524E-05
4474 1.185913907156E-05
4477 1.238649918714E-05
4480 1.367115674443E-05
4483 8.948642208564E-06
4486 8.652185497816E-06
4489 1.502402312537E-05
4492 9.310974100869E-06
4495 9.875052066978E-06
4498 1.032198768752E-05
4501 1.432886374255E-05
4504 1.142106673859E-05
4507 1.306663159901E-05
4510 1.287529413938E-05
4513 1.676570722883E-05
4516 1.452119586287E-05
4519 1.226679334638E-05
4522 1.090411292367E-05
4525 1.072437928699E-05
4528 9.445965341623E-06
4531 1.029851799892E-05
4534 1.354917709753E-05
4537 1.173973080926E-05
4540 9.760714947829E-06
4543 9.361225614293E-06
4546 1.164352133362E-05
4549 1.121619874511E-05
4552 1.379780993557E-05
4555 1.053673459818E-05
4558 1.229204278709E-05
4561 1.116248327483E-05
4564 1.072121657988E-05
4567 1.094158533595E-05
4570 1.420351314510E-05
4573 1.254726572932E-05
4576 1.671930640707E-05
4579 1.184908054792E-05
4582 1.237867356584E-05
4585 1.517926658671E-05
4588 1.465900606594E-05
4591 9.304620768820E-06
4594 1.150057825731E-05
4597 1.272729338308E-05
4600 1.071171425928E-05
4603 1.206687792941E-05
4606 1.311168704929E-05
4609 1.244585093553E-05
4612 1.216797542877E-05
4615 1.339154998104E-05
4618 2.282154128317E-05
4621 1.540217369882E-05
4624 1.585080287799E-05
4627 1.230899112693E-05
4630 1.393669806545E-05
4633 1.266344580578E-05
4636 9.993554268234E-06
4639 1.276660945536E-05
4642 1.058420756127E-05
4645 1.168916233069E-05
4648 1.174374373549E-05
4651 1.426995701539E-05
4654 1.611918889843E-05
4657 1.131261113438E-05
4660 1.079472970032E-05
4663 8.641632159408E-06
4666 1.114190893752E-05
4669 1.228383555254E-05
4672 1.090216012587E-05
4675 1.215356222651E-05
4678 1.375852439291E-05
4681 1.406170497048E-05
4684 1.307802417406E-05
4687 1.327219643450E-05
4690 1.735337312231E-05
4693 1.356699505954E-05
4696 1.112140443155E-05
4699 1.296986452995E-05
4702 1.159268264874E-05
4705 1.340741257609E-05
4708 1.327328988671E-05
4711 1.319092273441E-05
4714 1.013857684799E-05
4717 1.014522707493E-05
4720 1.107601560122E-05
4723 1.044936170840E-05
4726 1.139666847059E-05
4729 1.074292372800E-05
4732 9.709070247808E-06
4735 1.043143167835E-05
4738 9.717209869880E-06
4741 1.261884895841E-05
4744 1.576226971633E-05
4747 1.476596070236E-05
4750 1.574729729134E-05
4753 1.316031679889E-05
4756 1.480044419217E-05
4759 1.620784902003E-05
4762 1.256286742198E-05
4765 1.424449070714E-05
4768 1.521920370203E-05
4771 1.028099874491E-05
4774 1.397697048953E-05
4777 1.446645628577E-05
4780 1.290653113141E-05
4783 1.162562952575E-05
4786 1.015882708547E-05
4789 7.290860065480E-06
4792 1.207205100417E-05
4795 7.868069619365E-06
4798 1.181801779558E-05
4801 1.197192670864E-05
4804 1.254195353267E-05
4807 1.589681080868E-05
4810 1.496106688841E-05
4813 1.885575960063E-05
4816 1.611823269459E-05
4819 1.268751923487E-05
4822 1.169759160497E-05
4825 1.376486375268E-05
4828 1.781348950571E-05
4831 1.201066035241E-05
4834 1.583063623484E-05
4837 1.145180540136E-05
4840 1.130198420260E-05
4843 9.395228367196E-06
4846 1.069581877559E-05
4849 8.464094612476E-06
4852 6.620091688876E-06
4855 6.784793214776E-06
4858 7.007325540527E-06
4861 1.005053839923E-05
4864 1.064853679167E-05
4867 1.289830056945E-05
4870 1.354591050378E-05
4873 1.460212351226E-05
4876 1.294659233629E-05
4879 1.186691241690E-05
4882 1.373639655684E-05
4885 1.617718119269E-05
4888 1.285610940754E-05
4891 1.310183176672E-05
4894 1.019121431330E-05
4897 1.522833217628E-05
4900 1.030630757882E-05
4903 1.426970085564E-05
4906 1.130003698080E-05
4909 1.020029493675E-05
4912 1.060746384502E-05
4915 1.174601888404E-05
4918 9.146655915691E-06
4921 1.018377332622E-05
4924 9.263811446681E-06
4927 8.473966733219E-06
4930 1.081914046607E-05
4933 8.522861892748E-06
4936 9.301881127166E-06
4939 8.073819137767E-06
4942 9.180341492233E-06
4945 1.011576807822E-05
4948 1.152955205666E-05
4951 1.088044262300E-05
4954 9.504677800403E-06
4957 1.086429497716E-05
4960 1.150402215295E-05
4963 1.341890451351E-05
4966 9.757768236695E-06
4969 1.310083909901E-05
4972 1.092036731659E-05
4975 9.634422641668E-06
4978 9.477336930250E-06
4981 8.036180948115E-06
4984 7.045883372566E-06
4987 1.216661355248E-05
4990 9.078886820592E-06
4993 9.567235200864E-06
4996 1.266753636191E-05
4999 1.048103546251E-05
5002 1.391817478831E-05
5005 1.196033000441E-05
5008 1.256311587957E-05
5011 9.468870023589E-06
5014 9.746848070795E-06
5017 8.916174122076E-06
5020 1.023748797067E-05
5023 8.456873084190E-06
5026 8.871012785493E-06
5029 1.069324144896E-05
5032 8.869745427086E-06
5035 1.041419640710E-05
5038 1.408390142043E-05
5041 1.140595395555E-05
5044 1.324423138769E-05
5047 1.255066573415E-05
5050 1.070647634034E-05
5053 1.211139681011E-05
5056 1.516000787345E-05
5059 9.452721579678E-06
5062 1.452031338048E-05
5065 1.130729021747E-05
5068 1.355456817513E-05
5071 1.197424302932E-05
5074 1.049385183697E-05
5077 9.088745207254E-06
5080 9.991743737909E-06
5083 1.178768001180E-05
5086 9.491782439837E-06
5089 8.248099565508E-06
5092 8.979892900615E-06
5095 1.370610869200E-05
5098 1.433158700108E-05
5101 9.877441534999E-06
5104 1.138240000074E-05
5107 1.272379944471E-05
5110 9.265517109573E-06
5113 9.392304950304E-06
5116 9.935527380630E-06
5119 9.719536672004E-06
5122 8.980673616208E-06
5125 1.571410185502E-05
5128 1.193208358042E-05
5131 1.058588235539E-05
5134 1.057847331860E-05
5137 1.033148989874E-05
5140 1.065567137372E-05
5143 1.215436806381E-05
5146 1.146688085883E-05
5149 1.387078995982E-05
5152 9.416249263470E-06
5155 1.301747620047E-05
5158 9.332262166511E-06
5161 1.150569249994E-05
5164 1.439152127193E-05
5167 1.139446225746E-05
5170 1.194823070311E-05
5173 1.277166004631E-05
5176 1.236958324622E-05
5179 9.804394846684E-06
5182 7.209021693850E-06
5185 9.460902894235E-06
5188 1.086882618756E-05
5191 1.244949760910E-05
5194 1.381945397627E-05
5197 1.306809759150E-05
5200 1.222971445400E-05
5203 1.476415418028E-05
5206 1.240558594576E-05
5209 1.335369228225E-05
5212 1.179713473591E-05
5215 1.065772477376E-05
5218 1.080820442076E-05
5221 1.340010841355E-05
5224 1.155501596506E-05
5227 8.995129121950E-06
5230 1.143209719144E-05
5233 6.876969757981E-06
5236 9.260779909722E-06
5239 8.289461295467E-06
5242 1.022381189236E-05
5245 1.052586600726E-05
5248 8.988652614399E-06
5251 7.553521907327E-06
5254 8.407847143734E-06
5257 1.010620479432E-05
5260 1.752923057129E-05
5263 1.442915015013E-05
5266 1.552879953879E-05
5269 1.459560878181E-05
5272 1.420386655231E-05
5275 1.674550330538E-05
5278 1.291359221274E-05
5281 1.266595026260E-05
5284 1.303775708381E-05
5287 1.102273068056E-05
5290 8.876948058177E-06
5293 8.412023206127E-06
5296 7.562211086072E-06
5299 9.442711853163E-06
5302 7.641907937842E-06
5305 8.410194297295E-06
5308 1.153188782911E-05
5311 1.134987980806E-05
5314 9.665461817931E-06
5317 9.116027227243E-06
5320 9.609998295532E-06
5323 8.209005621876E-06
5326 1.273510585741E-05
5329 9.350222027768E-06
5332 1.211384517816E-05
5335 1.029376992611E-05
5338 1.464120617963E-05
5341 1.197750308244E-05
5344 1.206308274910E-05
5347 1.303624398920E-05
5350 9.369444942023E-06
5353 8.491950056291E-06
5356 8.400899304841E-06
5359 7.651011610758E-06
5362 1.167687178378E-05
5365 5.852500391816E-06
5368 7.129498214856E-06
5371 5.647219308415E-06
5374 7.195139093346E-06
5377 7.352796022835E-06
5380 1.161001415833E-05
5383 1.102039724488E-05
5386 1.181986450485E-05
5389 1.120555283209E-05
5392 9.910712731682E-06
5395 9.764118855020E-06
5398 1.392690659930E-05
5401 8.254662340225E-06
5404 1.114554566075E-05
5407 9.781473297335E-06
5410 7.277334665412E-06
5413 1.069260123658E-05
5416 1.073536954269E-05
5419 1.047969167453E-05
5422 8.714427108221E-06
5425 6.267217458075E-06
5428 5.029616009221E-06
5431 9.005419626766E-06
5434 7.611715958939E-06
5437 6.860022512513E-06
5440 7.210210851026E-06
5443 7.184525816070E-06
5446 8.736120076118E-06
5449 8.996191599084E-06
5452 7.353311071177E-06
5455 8.303813028298E-06
5458 8.819190989204E-06
5461 8.287471697442E-06
5464 9.578086134758E-06
5467 1.055651803342E-05
5470 1.123550786825E-05
5473 1.095086866879E-05
5476 1.247080292141E-05
5479 1.129610164199E-05
5482 8.705414365087E-06
5485 1.092849378093E-05
5488 6.941066140336E-06
5491 6.766824986655E-06
5494 7.896478015453E-06
5497 5.180707811858E-06
5500 7.465939149037E-06
5503 5.558141473195E-06
5506 6.773475583966E-06
5509 7.699051115006E-06
5512 5.981877277777E-06
5515 7.284607103775E-06
5518 9.718166206452E-06
5521 7.230646633839E-06
5524 7.277779987977E-06
5527 8.931901719507E-06
5530 7.996191795575E-06
5533 9.934092052554E-06
5536 6.867453904040E-06
5539 1.077647370805E-05
5542 9.732319541720E-06
5545 8.225111649832E-06
5548 8.170305596370E-06
5551 9.978869131273E-06
5554 1.023050034574E-05
5557 9.848421153966E-06
5560 7.997016170017E-06
5563 8.407590108348E-06
5566 6.499359350668E-06
5569 6.162736213096E-06
5572 7.333318305780E-06
5575 6.158016249147E-06
5578 6.239311580067E-06
5581 8.002110945543E-06
5584 7.763473964080E-06
5587 1.098726615688E-05
5590 1.085753715005E-05
5593 6.998798481328E-06
5596 7.755983366622E-06
5599 8.064926497381E-06
5602 6.023192717831E-06
5605 8.071043208011E-06
5608 9.448019424102E-06
5611 9.037141025218E-06
5614 8.826000047703E-06
5617 1.248560711395E-05
5620 1.119825740635E-05
5623 1.042863078969E-05
5626 1.378218319245E-05
5629 9.004639087358E-06
5632 7.914053435539E-06
5635 8.675749170866E-06
5638 7.215680615463E-06
5641 6.627342727110E-06
5644 8.751223031677E-06
5647 6.745784359271E-06
5650 5.739638128754E-06
5653 7.801288454449E-06
5656 6.187714306179E-06
5659 5.515281498058E-06
5662 7.907437505339E-06
5665 7.120768390464E-06
5668 1.004539678535E-05
5671 7.356752424990E-06
5674 1.069103306880E-05
5677 8.885640671966E-06
5680 1.158689611948E-05
5683 9.207161068180E-06
5686 8.952194537859E-06
5689 8.685807507388E-06
5692 1.129192605112E-05
5695 1.064077928486E-05
5698 8.515504607601E-06
5701 8.426897559897E-06
5704 1.092047260594E-05
5707 1.019115869933E-05
5710 1.036173605609E-05
5713 9.408765502356E-06
5716 6.729360690043E-06
5719 7.762977199393E-06
5722 8.025839936665E-06
5725 7.868082539505E-06
5728 5.119212347446E-06
5731 5.094874867250E-06
5734 5.608109451050E-06
5737 4.792271416048E-06
5740 5.330138707115E-06
5743 6.787774360387E-06
5746 7.314999992401E-06
5749 8.191542913163E-06
5752 7.758951256025E-06
5755 1.312646213729E-05
5758 1.179982816971E-05
5761 1.268902461899E-05
5764 1.177613709933E-05
5767 1.142775321271E-05
5770 1.008008547709E-05
5773 1.105638760909E-05
5776 9.501112955807E-06
5779 1.007400780786E-05
5782 1.001912987406E-05
5785 7.482218581994E-06
5788 8.608100997910E-06
5791 8.247237243540E-06
5794 5.659482438285E-06
5797 8.973866797508E-06
5800 6.949102944450E-06
5803 7.638604115873E-06
5806 6.054419142467E-06
5809 6.510576482520E-06
5812 7.900573201004E-06
5815 6.792994911009E-06
5818 7.117163128278E-06
5821 6.405635468886E-06
5824 4.985102620606E-06
5827 6.697055608830E-06
5830 9.926261812154E-06
5833 8.964979465631E-06
5836 1.044521446472E-05
5839 1.119491622647E-05
5842 1.213354101326E-05
5845 1.012344062548E-05
5848 9.734672998589E-06
5851 6.853226730923E-06
5854 8.929001659290E-06
5857 5.792744608886E-06
5860 7.221799057852E-06
5863 5.192446239043E-06
5866 5.326689879277E-06
5869 5.178931094908E-06
5872 4.799677430951E-06
5875 5.096400411861E-06
5878 6.113209163741E-06
5881 5.889167469681E-06
5884 6.996494974939E-06
5887 6.627167044037E-06
5890 8.791390509152E-06
5893 1.156601842898E-05
5896 9.039369508188E-06
5899 9.776650201275E-06
5902 8.126883388083E-06
5905 9.346639110001E-06
5908 6.759914917022E-06
5911 7.077806046707E-06
5914 9.944603511170E-06
5917 6.044763709287E-06
5920 5.542623857150E-06
5923 7.508707191679E-06
5926 8.039962799941E-06
5929 5.489867698947E-06
5932 7.228727286074E-06
5935 6.741141113263E-06
5938 6.284358898568E-06
5941 7.863644055590E-06
5944 8.187538723877E-06
5947 7.849971080523E-06
5950 6.678039554567E-06
5953 9.650091722883E-06
5956 9.536235246531E-06
5959 8.542585740611E-06
5962 1.028778509576E-05
5965 9.199885549434E-06
5968 1.005646578605E-05
5971 9.899041421754E-06
5974 9.488235640396E-06
5977 8.806397944020E-06
5980 1.117089200092E-05
5983 8.837071066151E-06
5986 9.481534795911E-06
5989 6.265413631633E-06
5992 5.480115879885E-06
5995 8.630449956837E-06
5998 7.557257644463E-06
6001 7.676232409146E-06
6004 6.301528224984E-06
6007 7.763325913346E-06
6010 6.643310328316E-06
6013 6.849555446747E-06
6016 7.325889759623E-06
6019 6.217186011691E-06
6022 6.845457367986E-06
6025 6.604422647829E-06
6028 9.153429963284E-06
6031 8.725788014606E-06
6034 8.839978553476E-06
6037 9.615369084866E-06
6040 7.857196909362E-06
6043 1.013382128086E-05
6046 7.995380847004E-06
6049 8.013770624559E-06
6052 8.966288726432E-06
6055 7.985288363734E-06
6058 9.567349447004E-06
6061 8.076091287177E-06
6064 9.567256909883E-06
6067 7.049337741924E-06
6070 7.720222952983E-06
6073 6.864528061559E-06
6076 7.142324526411E-06
6079 6.492496710649E-06
6082 6.022718146708E-06
6085 6.151899218391E-06
6088 6.211075208017E-06
6091 7.209646708650E-06
6094 9.874222481744E-06
6097 8.508465394523E-06
6100 8.875489619807E-06
6103 1.235737649168E-05
6106 1.033347632596E-05
6109 1.054351261471E-05
6112 9.515183264213E-06
6115 7.305023242958E-06
6118 9.505254709216E-06
6121 1.008655786591E-05
6124 1.057308712504E-05
6127 8.131980858129E-06
6130 7.353727702740E-06
6133 1.023038903803E-05
6136 7.214364880587E-06
6139 5.686927017168E-06
6142 6.655488302901E-06
6145 6.447686888602E-06
6148 5.445759472031E-06
6151 5.500909257536E-06
6154 5.918817092157E-06
6157 5.886094078592E-06
6160 5.444464473806E-06
6163 4.784374721608E-06
6166 4.817596621635E-06
6169 7.851877023767E-06
6172 7.737244981447E-06
6175 7.565763026636E-06
6178 7.504570956574E-06
6181 7.159564514075E-06
6184 9.754574713325E-06
6187 6.919548363679E-06
6190 9.566129057709E-06
6193 1.079999833382E-05
6196 8.188522430666E-06
6199 9.309967759787E-06
6202 8.843826398599E-06
6205 9.587066962683E-06
6208 9.521028024025E-06
6211 8.362301873124E-06
6214 7.540237748150E-06
6217 6.899205605120E-06
6220 6.395282111962E-06
6223 9.202877444205E-06
6226 8.656086773185E-06
6229 6.105149093849E-06
6232 5.923688666054E-06
6235 7.597157368190E-06
6238 6.168526941691E-06
6241 7.997443363767E-06
6244 8.620157298489E-06
6247 6.840068414904E-06
6250 6.926032922754E-06
6253 5.673272189958E-06
6256 7.037217307795E-06
6259 6.688277392498E-06
6262 9.211588072814E-06
6265 9.100498348957E-06
6268 7.626066979916E-06
6271 1.045078713919E-05
6274 9.728637603131E-06
6277 9.691629087159E-06
6280 7.560796952323E-06
6283 7.590134053555E-06
6286 5.901017556494E-06
6289 6.274051227228E-06
6292 6.212039246680E-06
6295 6.823931047486E-06
6298 6.557775894454E-06
6301 6.956388165747E-06
6304 5.946688332594E-06
6307 7.524274566947E-06
6310 8.012072322225E-06
6313 9.600815549730E-06
6316 6.718043139658E-06
6319 6.721292042817E-06
6322 6.175633126843E-06
6325 7.376036272580E-06
6328 5.480236447634E-06
6331 5.700750395752E-06
6334 6.138963402626E-06
6337 7.819394082624E-06
6340 5.749661511298E-06
6343 8.653674272081E-06
6346 7.371365742540E-06
6349 8.071637831761E-06
6352 8.979275901991E-06
6355 8.697735665975E-06
6358 6.210398118915E-06
6361 7.853509116345E-06
6364 7.776659892582E-06
6367 6.836660629447E-06
6370 7.466785163574E-06
6373 8.409973230255E-06
6376 7.116980133727E-06
6379 6.946492062808E-06
6382 9.030069583655E-06
6385 8.239226028772E-06
6388 8.766574371158E-06
6391 8.801838658741E-06
6394 7.205018603461E-06
6397 6.260712499041E-06
6400 5.406090276194E-06
6403 7.071670599291E-06
6406 8.435085373860E-06
6409 7.738342249187E-06
6412 8.388648800833E-06
6415 7.356003529689E-06
6418 6.263829810002E-06
6421 4.693423731931E-06
6424 6.324296566074E-06
6427 5.215349004639E-06
6430 5.943515862484E-06
6433 7.395157285367E-06
6436 1.146930199769E-05
6439 1.002780495105E-05
6442 8.038020185931E-06
6445 8.128383381452E-06
6448 9.806606262995E-06
6451 1.096154290360E-05
6454 9.369320972737E-06
6457 8.769469932148E-06
6460 7.340845476369E-06
6463 7.843929770179E-06
6466 7.703680802817E-06
6469 5.837555630428E-06
6472 7.043078923499E-06
6475 4.698125265021E-06
6478 7.781330899767E-06
6481 7.165982621835E-06
6484 6.079039555897E-06
6487 6.620196394973E-06
6490 6.403751702234E-06
6493 5.917700941031E-06
6496 7.847114169653E-06
6499 5.964474611168E-06
6502 5.114782427114E-06
6505 5.448904979552E-06
6508 6.320525833096E-06
6511 7.937486928075E-06
6514 8.435636343622E-06
6517 1.011797582395E-05
6520 9.956835881519E-06
6523 1.072367262111E-05
6526 8.723508953961E-06
6529 8.386531399848E-06
6532 8.238017112176E-06
6535 6.958670057788E-06
6538 7.432331132761E-06
6541 5.128527355646E-06
6544 6.513117901376E-06
6547 4.186812171644E-06
6550 5.719139177404E-06
6553 4.975224276809E-06
6556 4.330463819058E-06
6559 4.686663073787E-06
6562 5.888703324896E-06
6565 5.382902843184E-06
6568 6.001327032850E-06
6571 5.548033419588E-06
6574 6.849887522533E-06
6577 6.307015861603E-06
6580 6.649324148597E-06
6583 8.924534127926E-06
6586 9.446866111053E-06
6589 8.454312523526E-06
6592 9.620662981071E-06
6595 7.379032009188E-06
6598 5.468628526007E-06
6601 6.155688166275E-06
6604 5.082772108818E-06
6607 6.905853130990E-06
6610 7.287584947854E-06
6613 6.387117311741E-06
6616 6.290817287951E-06
6619 4.495357753819E-06
6622 4.428540930557E-06
6625 3.673420097073E-06
6628 3.958958030310E-06
6631 5.983016881571E-06
6634 5.886303757294E-06
6637 5.672622856829E-06
6640 5.536664934623E-06
6643 6.414187706423E-06
6646 4.982727405554E-06
6649 6.451324758673E-06
6652 6.927083542501E-06
6655 6.823160157543E-06
6658 9.140828850494E-06
6661 8.327848284700E-06
6664 8.245777291871E-06
6667 5.817523687354E-06
6670 6.292558225254E-06
6673 4.720693182065E-06
6676 4.598632297844E-06
6679 6.247925573546E-06
6682 5.378747573553E-06
6685 4.944480305999E-06
6688 7.559305632352E-06
6691 4.895164264023E-06
6694 4.728788748932E-06
6697 5.428575003699E-06
6700 5.060508528913E-06
6703 6.870166374980E-06
6706 6.435322508840E-06
6709 6.359265365613E-06
6712 6.148886202001E-06
6715 6.669120678275E-06
6718 6.467964432657E-06
6721 7.430168889816E-06
6724 6.866540247291E-06
6727 6.237346735465E-06
6730 9.490116025564E-06
6733 8.344610175891E-06
6736 8.188062061966E-06
6739 9.244920810109E-06
6742 6.620033149715E-06
6745 4.879510097185E-06
6748 7.670935156023E-06
6751 4.523263878237E-06
6754 4.779427463424E-06
6757 4.054141810928E-06
6760 5.294777413157E-06
6763 3.847920465772E-06
6766 5.031661013120E-06
6769 4.261917670480E-06
6772 5.035634783265E-06
6775 6.251702540560E-06
6778 7.764057071360E-06
6781 7.624203663884E-06
6784 7.453016004445E-06
6787 6.654844964918E-06
6790 5.163172986718E-06
6793 6.897878960922E-06
6796 6.526834809580E-06
6799 5.382132934285E-06
6802 7.058013625306E-06
6805 5.371002058161E-06
6808 4.520701320586E-06
6811 5.837651275841E-06
6814 4.623199954127E-06
6817 7.038218745196E-06
6820 6.442695229064E-06
6823 7.314051583043E-06
6826 6.844547252250E-06
6829 7.148540644499E-06
6832 7.701557486679E-06
6835 7.080185807033E-06
6838 8.885309915141E-06
6841 6.807728453388E-06
6844 5.023480630318E-06
6847 5.567631821817E-06
6850 6.903109974690E-06
6853 7.308420210950E-06
6856 6.690130880651E-06
6859 5.334141906281E-06
6862 6.179891041902E-06
6865 7.303497954774E-06
6868 7.535680675147E-06
6871 6.477523304232E-06
6874 5.774083330776E-06
6877 4.458499741883E-06
6880 6.096501709734E-06
6883 4.934936487102E-06
6886 7.548361811582E-06
6889 5.607534793554E-06
6892 5.478926117750E-06
6895 7.852364978651E-06
6898 5.092284110058E-06
6901 6.934758887071E-06
6904 5.980614983256E-06
6907 6.254768669640E-06
6910 5.775333998881E-06
6913 8.419127637747E-06
6916 6.026401799109E-06
6919 8.212575568512E-06
6922 6.521529217096E-06
6925 5.593014123401E-06
6928 5.163596068377E-06
6931 6.714312439758E-06
6934 5.169482626577E-06
6937 5.990573594860E-06
6940 5.737235785661E-06
6943 6.448295988301E-06
6946 5.355237431543E-06
6949 6.892140774176E-06
6952 5.906448991025E-06
6955 6.624998474735E-06
6958 6.163449326469E-06
6961 5.587831351413E-06
6964 5.417470221938E-06
6967 5.878473330248E-06
6970 6.748136161378E-06
6973 6.606474781107E-06
6976 5.159683110630E-06
6979 4.604165070422E-06
6982 4.828606202971E-06
6985 5.326460455178E-06
6988 4.984492267861E-06
6991 5.973457143489E-06
6994 6.752951857793E-06
6997 6.646297385814E-06
7000 7.195838810166E-06
7003 7.351244863665E-06
7006 7.216314235732E-06
7009 7.062853780263E-06
7012 5.570311836373E-06
7015 4.801367524294E-06
7018 7.477899082945E-06
7021 5.833665856418E-06
7024 4.171613089116E-06
7027 4.925148410038E-06
7030 5.554595651890E-06
7033 4.647482787187E-06
7036 4.555298012132E-06
7039 4.214681824294E-06
7042 3.329747979560E-06
7045 4.221754548411E-06
7048 4.475232523909E-06
7051 5.715957001672E-06
7054 4.570215389758E-06
7057 4.168334229544E-06
7060 4.915057783776E-06
7063 5.005323200624E-06
7066 7.137032863340E-06
7069 6.608485495842E-06
7072 6.245480579117E-06
7075 6.358290155462E-06
7078 5.479503640935E-06
7081 7.960351480358E-06
7084 5.969776219074E-06
7087 7.081779246897E-06
7090 6.687306165725E-06
7093 5.781239027343E-06
7096 7.410322299487E-06
7099 5.662153941609E-06
7102 6.488257983062E-06
7105 3.511376199800E-06
7108 5.158187831743E-06
7111 3.609153455075E-06
7114 5.502731152870E-06
7117 3.808431346941E-06
7120 4.133613538723E-06
7123 5.437832586023E-06
7126 4.732445725175E-06
7129 5.770859246960E-06
7132 6.252927468511E-06
7135 5.405201731031E-06
7138 5.292320696272E-06
7141 4.910440764502E-06
7144 7.775680831543E-06
7147 5.538999739756E-06
7150 4.780385080049E-06
7153 4.703832826435E-06
7156 5.181724800613E-06
7159 6.105910779482E-06
7162 7.124469205356E-06
7165 5.740818228904E-06
7168 5.327307036805E-06
7171 4.427022587516E-06
7174 6.215674842569E-06
7177 5.431263051428E-06
7180 5.203091615282E-06
7183 4.491123700167E-06
7186 4.410768370156E-06
7189 4.799204056024E-06
7192 4.153163762814E-06
7195 5.314979481976E-06
7198 4.121314221298E-06
7201 4.242569083605E-06
7204 5.647975876264E-06
7207 5.159433805662E-06
7210 6.061816796577E-06
7213 6.328195522351E-06
7216 5.301246961471E-06
7219 5.533719634250E-06
7222 7.064955478196E-06
7225 4.586848131403E-06
7228 5.210087197265E-06
7231 4.939080989021E-06
7234 6.953091244922E-06
7237 5.519681743653E-06
7240 4.520893565622E-06
7243 4.834530631350E-06
7246 5.269355919186E-06
7249 5.763017873973E-06
7252 4.817550038883E-06
7255 4.507027721605E-06
7258 4.148663245717E-06
7261 4.298351322976E-06
7264 4.649841889393E-06
7267 5.712922930519E-06
7270 4.768317761666E-06
7273 4.365736040708E-06
7276 6.398172742246E-06
7279 4.450469600903E-06
7282 6.833940919540E-06
7285 4.647983570553E-06
7288 5.639150583869E-06
7291 5.308554582939E-06
7294 5.515740187969E-06
7297 5.220927433228E-06
7300 4.228346568847E-06
7303 4.510339507234E-06
7306 4.525399584736E-06
7309 5.664174869846E-06
7312 4.241919591585E-06
7315 4.626073475824E-06
7318 5.167435824489E-06
7321 5.198758428544E-06
7324 5.138942712705E-06
7327 5.605611832641E-06
7330 6.292383661245E-06
7333 7.203838304774E-06
7336 6.504430164663E-06
7339 5.914798585414E-06
7342 4.870290306414E-06
7345 6.779240742007E-06
7348 5.360479412196E-06
7351 4.242871306470E-06
7354 3.908107869575E-06
7357 4.333613218125E-06
7360 5.257814702648E-06
7363 3.837590810716E-06
7366 4.236561383622E-06
7369 2.879060050120E-06
7372 4.944700461527E-06
7375 4.385779842426E-06
7378 4.195170589956E-06
7381 5.371121972843E-06
7384 4.333196113581E-06
7387 5.500456577062E-06
7390 6.123129389691E-06
7393 5.352886529182E-06
7396 4.169551043329E-06
7399 3.763007960768E-06
7402 4.933933030284E-06
7405 7.046481900287E-06
7408 7.307054469238E-06
7411 7.656040367916E-06
7414 5.711407499418E-06
7417 5.489837386047E-06
7420 4.147313544213E-06
7423 4.661249248747E-06
7426 3.087307593108E-06
7429 3.351030937881E-06
7432 3.064880674395E-06
7435 3.954452728221E-06
7438 5.232668673992E-06
7441 3.927201593921E-06
7444 4.665399334125E-06
7447 4.842963731316E-06
7450 3.309223215371E-06
7453 3.487086763664E-06
7456 3.585682012641E-06
7459 3.905478890979E-06
7462 4.966498802396E-06
7465 6.074945370419E-06
7468 4.957377352186E-06
7471 4.856970583945E-06
7474 5.482355601867E-06
7477 3.872466676129E-06
7480 4.328613215918E-06
7483 4.225962828991E-06
7486 4.824006229599E-06
7489 4.241642854520E-06
7492 5.369866985916E-06
7495 4.878638992782E-06
7498 5.309005998576E-06
7501 4.319143724053E-06
7504 5.488874234996E-06
7507 5.197757784218E-06
7510 4.848448617840E-06
7513 4.684893875881E-06
7516 3.408580393267E-06
7519 3.497166195552E-06
7522 4.163524400928E-06
7525 2.684569248004E-06
7528 3.862563787705E-06
7531 3.002555028225E-06
7534 3.078525037988E-06
7537 3.145084251693E-06
7540 2.967453743700E-06
7543 3.883253929076E-06
7546 3.658984433284E-06
7549 4.366865300442E-06
7552 5.066481435141E-06
7555 6.905000439834E-06
7558 4.287254265978E-06
7561 4.845453073755E-06
7564 5.254866949434E-06
7567 4.925631949265E-06
7570 3.365964739234E-06
7573 2.484627218584E-06
7576 3.503071469400E-06
7579 3.755226621398E-06
7582 3.424936714719E-06
7585 4.272026836668E-06
7588 4.889672438725E-06
7591 6.308071258621E-06
7594 4.890691102688E-06
7597 6.024694845078E-06
7600 4.860794126261E-06
7603 4.188333810959E-06
7606 3.468363157797E-06
7609 3.496087465111E-06
7612 4.116074296383E-06
7615 3.606731297328E-06
7618 3.100552318548E-06
7621 4.766658100408E-06
7624 3.680208461221E-06
7627 2.835920364855E-06
7630 3.364391187236E-06
7633 2.430561275479E-06
7636 3.632367123005E-06
7639 3.938193911711E-06
7642 5.030261494512E-06
7645 4.662406322327E-06
7648 6.640187318026E-06
7651 5.717878695932E-06
7654 5.913440724392E-06
7657 5.808302488831E-06
7660 5.396355376723E-06
7663 5.577273643464E-06
7666 3.267090164610E-06
7669 3.354150957800E-06
7672 3.306838969274E-06
7675 4.272261792594E-06
7678 3.684389027665E-06
7681 2.653782095929E-06
7684 2.796238433021E-06
7687 2.323864169010E-06
7690 3.648324201610E-06
7693 3.776778801336E-06
7696 3.731946045064E-06
7699 2.832960435466E-06
7702 3.458070795129E-06
7705 4.917056213169E-06
7708 3.282953776471E-06
7711 3.907067922479E-06
7714 3.588784232604E-06
7717 4.205366992986E-06
7720 4.091516056694E-06
7723 5.981450140398E-06
7726 4.933368455590E-06
7729 6.292776173758E-06
7732 4.172733820017E-06
7735 6.429415849557E-06
7738 4.733532593303E-06
7741 3.895464783780E-06
7744 3.604850469715E-06
7747 3.457399108597E-06
7750 3.461206902564E-06
7753 3.059483570331E-06
7756 2.017003949935E-06
7759 2.962690948821E-06
7762 2.777613443563E-06
7765 2.656379439676E-06
7768 3.652972286117E-06
7771 2.656535360247E-06
7774 3.962467688270E-06
7777 4.149805336628E-06
7780 5.430308905276E-06
7783 4.887599556398E-06
7786 6.394203953567E-06
7789 5.346053598338E-06
7792 5.033926949209E-06
7795 5.441419971438E-06
7798 5.219872040109E-06
7801 4.137753434086E-06
7804 3.760671030027E-06
7807 3.400613129960E-06
7810 2.711137064613E-06
7813 2.843553670640E-06
7816 3.423749206031E-06
7819 2.923399715327E-06
7822 3.480287854642E-06
7825 3.500384933705E-06
7828 3.183991960212E-06
7831 4.455151364494E-06
7834 3.386770726824E-06
7837 3.493819781112E-06
7840 3.618829532001E-06
7843 2.963584928487E-06
7846 2.966096324192E-06
7849 2.509557711618E-06
7852 3.755149663469E-06
7855 3.254289821482E-06
7858 3.572325181052E-06
7861 5.872773497732E-06
7864 4.703672810247E-06
7867 4.253838454559E-06
7870 3.870629402677E-06
7873 5.338803584572E-06
7876 4.997372148740E-06
7879 6.007056141094E-06
7882 3.860986644273E-06
7885 2.352580889041E-06
7888 2.422899787586E-06
7891 2.237729454732E-06
7894 2.414606749787E-06
7897 2.379932206892E-06
7900 2.630580742299E-06
7903 2.286550634515E-06
7906 2.690783627788E-06
7909 2.883706456927E-06
7912 3.296815906260E-06
7915 3.434169949792E-06
7918 2.749835444611E-06
7921 3.095912894263E-06
7924 3.675305663569E-06
7927 4.082721835735E-06
7930 4.009022440365E-06
7933 3.136833643441E-06
7936 4.577391012355E-06
7939 4.045652962762E-06
7942 3.989250146717E-06
7945 4.025000478652E-06
7948 2.946683358558E-06
7951 3.797487658918E-06
7954 3.032560625191E-06
7957 3.123180112010E-06
7960 3.276469228352E-06
7963 2.425649709531E-06
7966 2.716152295252E-06
7969 2.559781414723E-06
7972 2.432531380634E-06
7975 2.440947456519E-06
7978 2.318081725056E-06
7981 3.038089563645E-06
7984 2.398166993998E-06
7987 2.690827237809E-06
7990 3.401436413564E-06
7993 3.208980067606E-06
7996 3.645129316807E-06
7999 5.139893467751E-06
8002 3.832769910652E-06
8005 4.602537894061E-06
8008 3.372345451812E-06
8011 3.714938335226E-06
8014 3.825864076951E-06
8017 3.420795137075E-06
8020 2.580605258429E-06
8023 4.256648000794E-06
8026 2.698849072135E-06
8029 2.389773654793E-06
8032 2.422830197030E-06
8035 1.992803481128E-06
8038 2.894621591644E-06
8041 1.993842637010E-06
8044 2.488056872620E-06
8047 2.457122450016E-06
8050 2.251739465599E-06
8053 2.855066529364E-06
8056 3.583602147352E-06
8059 3.669472537994E-06
8062 3.826055642132E-06
8065 3.451804450853E-06
8068 3.396409039842E-06
8071 2.843687440799E-06
8074 4.019974250000E-06
8077 3.762163384145E-06
8080 3.607204581855E-06
8083 3.328468938787E-06
8086 2.873606143540E-06
8089 3.619644856430E-06
8092 2.905009914664E-06
8095 2.840824011691E-06
8098 2.476740898304E-06
8101 1.908727634042E-06
8104 2.214678686936E-06
8107 2.196635777539E-06
8110 2.059004793710E-06
8113 2.078152257140E-06
8116 2.641987077249E-06
8119 3.294358542120E-06
8122 3.290695198912E-06
8125 4.076433988386E-06
8128 3.401667546673E-06
8131 3.494646749678E-06
8134 3.090322545965E-06
8137 2.720066056344E-06
8140 2.701773788920E-06
8143 2.160185402931E-06
8146 3.458278559753E-06
8149 2.416549424003E-06
8152 3.213460174514E-06
8155 2.391906808609E-06
8158 2.021663276176E-06
8161 2.203456837766E-06
8164 2.608521664615E-06
8167 3.100285198422E-06
8170 2.327502395875E-06
8173 2.772625894202E-06
8176 2.532410509505E-06
8179 1.978971342497E-06
8182 2.457622153904E-06
8185 1.819153214700E-06
8188 2.120393613357E-06
8191 3.305631574129E-06
8194 2.566368470818E-06
8197 3.362847241098E-06
8200 4.049411860650E-06
8203 2.387489839552E-06
8206 3.160568618320E-06
8209 2.226434453216E-06
8212 2.742314857708E-06
8215 2.752337321522E-06
8218 3.345433670874E-06
8221 3.142707843098E-06
8224 2.418619123254E-06
8227 2.479386069318E-06
8230 1.848812374277E-06
8233 2.647888014378E-06
8236 2.086771763705E-06
8239 2.002373398414E-06
8242 2.625764961558E-06
8245 1.979001339246E-06
8248 2.065280726805E-06
8251 1.920438693872E-06
8254 1.997722661465E-06
8257 2.524639613411E-06
8260 2.439967068921E-06
8263 2.452834418101E-06
8266 1.784250607165E-06
8269 2.395364015559E-06
8272 1.924430758263E-06
8275 2.439297187150E-06
8278 2.692364680165E-06
8281 2.853433212254E-06
8284 3.843427981282E-06
8287 3.447033352607E-06
8290 3.020320246120E-06
8293 3.527453098802E-06
8296 2.084985184823E-06
8299 2.281817910710E-06
8302 1.985627544976E-06
8305 1.865452124120E-06
8308 2.816213571390E-06
8311 2.179652602485E-06
8314 2.367021655436E-06
8317 2.273626828974E-06
8320 2.426335768929E-06
8323 2.281463775573E-06
8326 2.199401593633E-06
8329 3.083738609782E-06
8332 2.821745169094E-06
8335 2.504766773607E-06
8338 2.551309791140E-06
8341 3.657273877338E-06
8344 3.528297508005E-06
8347 3.296987701096E-06
8350 3.123974734994E-06
8353 3.050235308683E-06
8356 3.304315039307E-06
8359 2.731787184163E-06
8362 2.565527118492E-06
8365 2.095200105364E-06
8368 2.203631109101E-06
8371 2.174064939835E-06
8374 2.027148834850E-06
8377 1.947844037783E-06
8380 2.146046060213E-06
8383 1.795864005717E-06
8386 2.143436232901E-06
8389 1.623515654617E-06
8392 2.218172613253E-06
8395 1.968120147781E-06
8398 3.204930440812E-06
8401 2.507393107161E-06
8404 3.419830437823E-06
8407 3.836895848463E-06
8410 3.433502433847E-06
8413 3.877752782994E-06
8416 3.852647099437E-06
8419 4.005415015831E-06
8422 3.994868238744E-06
8425 3.305160182699E-06
8428 2.932038450476E-06
8431 2.200516747939E-06
8434 2.605387825015E-06
8437 2.156950263061E-06
8440 1.635054410428E-06
8443 2.059256830449E-06
8446 2.638068834313E-06
8449 2.527216317588E-06
8452 2.525795684184E-06
8455 2.833309029055E-06
8458 2.544688897736E-06
8461 2.838968332029E-06
8464 2.274626547136E-06
8467 2.586314334545E-06
8470 2.351329076445E-06
8473 2.524169583144E-06
8476 2.539533035407E-06
8479 3.152948768288E-06
8482 4.471501805137E-06
8485 3.900023966422E-06
8488 3.185077491946E-06
8491 3.241459465450E-06
8494 4.158892827921E-06
8497 3.289201840337E-06
8500 3.851803506906E-06
8503 2.881453243508E-06
8506 2.378426932003E-06
8509 1.947397785213E-06
8512 2.071723907713E-06
8515 2.154774311740E-06
8518 2.513852699773E-06
8521 2.768790011339E-06
8524 2.793119238492E-06
8527 2.291493680604E-06
8530 3.119817721099E-06
8533 3.003437781722E-06
8536 4.122391562533E-06
8539 3.558591053015E-06
8542 3.606248664862E-06
8545 2.473819329957E-06
8548 3.577789204627E-06
8551 3.399478833322E-06
8554 2.306909579429E-06
8557 2.674623965053E-06
8560 2.454117028647E-06
8563 2.551370682075E-06
8566 2.792217964664E-06
8569 2.972542349901E-06
8572 2.402602325702E-06
8575 2.368998773694E-06
8578 2.761077669064E-06
8581 3.272693126203E-06
8584 2.986456140356E-06
8587 4.478550034805E-06
8590 3.205236428798E-06
8593 4.247066637018E-06
8596 2.992273016676E-06
8599 2.413273599549E-06
8602 3.033543875260E-06
8605 3.171416242718E-06
8608 2.803009696308E-06
8611 2.957155784668E-06
8614 3.436334971012E-06
8617 3.331559471352E-06
8620 3.421160606454E-06
8623 3.656216575004E-06
8626 2.263359513664E-06
8629 2.164218099379E-06
8632 2.220388109589E-06
8635 2.210462305793E-06
8638 2.030905765089E-06
8641 2.590698591269E-06
8644 3.332912620374E-06
8647 3.342963212188E-06
8650 2.960095187447E-06
8653 2.575956223814E-06
8656 3.867354026231E-06
8659 3.208903956823E-06
8662 3.308162172651E-06
8665 3.103203410782E-06
8668 2.592717523305E-06
8671 2.711027790258E-06
8674 3.410935878561E-06
8677 3.838703685890E-06
8680 3.339421288995E-06
8683 3.651069293769E-06
8686 4.127311669591E-06
8689 4.037912545957E-06
8692 2.892610447635E-06
8695 3.033324872885E-06
8698 3.853198367123E-06
8701 3.513199851706E-06
8704 3.580583089096E-06
8707 3.505520494843E-06
8710 2.796268835377E-06
8713 3.069663505775E-06
8716 2.066276547930E-06
8719 2.167365148144E-06
8722 2.861226073498E-06
8725 2.983707274070E-06
8728 3.613162186769E-06
8731 3.642607057306E-06
8734 4.355973845357E-06
8737 3.615717159486E-06
8740 4.952071521466E-06
8743 3.724964589257E-06
8746 4.317541980072E-06
8749 3.311139342142E-06
8752 2.725993255425E-06
8755 2.665825398179E-06
8758 3.383099993735E-06
8761 2.920766855155E-06
8764 3.118851296217E-06
8767 2.753821651787E-06
8770 2.658778178318E-06
8773 2.784736390568E-06
8776 3.746133573670E-06
8779 2.987187645280E-06
8782 2.523725904549E-06
8785 2.388672439648E-06
8788 2.978808847090E-06
8791 2.235319024838E-06
8794 3.335930284498E-06
8797 2.867561037817E-06
8800 2.861691882862E-06
8803 2.619937850041E-06
8806 3.133647136004E-06
8809 3.433638598879E-06
8812 3.228651500287E-06
8815 4.060922174694E-06
8818 3.095448366226E-06
8821 2.763132863096E-06
8824 2.652827041752E-06
8827 3.239252726613E-06
8830 3.239776113681E-06
8833 4.199854194240E-06
8836 3.107769807946E-06
8839 3.536513408017E-06
8842 3.188422068239E-06
8845 2.240555545439E-06
8848 2.665049758992E-06
8851 2.487217670098E-06
8854 3.065209984965E-06
8857 2.891278128182E-06
8860 2.834531794269E-06
8863 2.994567761132E-06
8866 3.200093778181E-06
8869 4.000873896470E-06
8872 3.268425771905E-06
8875 3.146698839385E-06
8878 2.766934518306E-06
8881 3.077051966631E-06
8884 2.423907319164E-06
8887 2.413123218353E-06
8890 2.667620000185E-06
8893 2.530895565559E-06
8896 2.796374596353E-06
8899 2.392392244497E-06
8902 2.249698018475E-06
8905 2.859303005907E-06
8908 2.653764704138E-06
8911 3.394133500035E-06
8914 3.639848811872E-06
8917 2.805563672873E-06
8920 3.152239322147E-06
8923 2.733088924726E-06
8926 2.489110738972E-06
8929 2.709994357391E-06
8932 3.589022483269E-06
8935 2.911326414826E-06
8938 2.608248452164E-06
8941 2.194862214274E-06
8944 2.222382102067E-06
8947 2.720767375934E-06
8950 2.533597431011E-06
8953 3.220190042575E-06
8956 2.718198350813E-06
8959 3.689407309335E-06
8962 2.938953595691E-06
8965 3.457768391587E-06
8968 3.283187145793E-06
8971 3.261730519378E-06
8974 2.676645898646E-06
8977 3.640755687287E-06
8980 3.039133794444E-06
8983 3.480174899883E-06
8986 3.400149005375E-06
8989 2.958762227643E-06
8992 3.329909870252E-06
8995 2.540540875959E-06
8998 2.479332027178E-06
9001 2.857712002656E-06
9004 3.686530127766E-06
9007 3.200534001020E-06
9010 3.296735661393E-06
9013 3.252093531422E-06
9016 2.990628356199E-06
9019 3.127580669337E-06
9022 2.581860946167E-06
9025 3.677123032788E-06
9028 1.923826197049E-06
9031 2.076706772336E-06
9034 2.365672201582E-06
9037 2.486774737120E-06
9040 2.655391453282E-06
9043 2.658288242116E-06
9046 3.278980156835E-06
9049 2.864796439652E-06
9052 3.687326775638E-06
9055 3.142542451468E-06
9058 2.715429722728E-06
9061 2.494633954699E-06
9064 3.353501186237E-06
9067 2.604695296388E-06
9070 3.290075681335E-06
9073 3.577294247742E-06
9076 4.384684231204E-06
9079 3.413007180328E-06
9082 3.618432530392E-06
9085 3.213661845184E-06
9088 3.001874199801E-06
9091 2.389515294337E-06
9094 2.989182639169E-06
9097 2.371880521409E-06
9100 2.911696260501E-06
9103 2.860074612244E-06
9106 3.277929513485E-06
9109 3.123649793448E-06
9112 3.254878815490E-06
9115 2.742099736671E-06
9118 3.146736008096E-06
9121 3.013153671321E-06
9124 4.308184877930E-06
9127 3.876783628319E-06
9130 3.656002901477E-06
9133 3.949275617698E-06
9136 3.912346642606E-06
9139 3.991613432778E-06
9142 3.172389637616E-06
9145 3.047443262313E-06
9148 2.311978111196E-06
9151 2.649725472593E-06
9154 1.735244429405E-06
9157 2.179322498813E-06
9160 1.834229619304E-06
9163 2.890691595671E-06
9166 1.786875101508E-06
9169 2.198780268748E-06
9172 2.866568793642E-06
9175 3.864131095815E-06
9178 4.654746076099E-06
9181 4.537212377847E-06
9184 5.451001992653E-06
9187 4.246683098513E-06
9190 5.521793462974E-06
9193 3.367331372396E-06
9196 3.691000984084E-06
9199 3.314849629975E-06
9202 2.789501735384E-06
9205 2.985647446299E-06
9208 3.314076561063E-06
9211 3.469050683624E-06
9214 3.144942892904E-06
9217 2.395628361621E-06
9220 2.930587590444E-06
9223 2.036187057195E-06
9226 2.073014369098E-06
9229 1.950387587089E-06
9232 2.096308063066E-06
9235 2.578310303367E-06
9238 2.861579516943E-06
9241 2.706710623772E-06
9244 3.176973703510E-06
9247 3.121761099183E-06
9250 3.978524756345E-06
9253 3.595785552801E-06
9256 2.895701458831E-06
9259 3.024336963883E-06
9262 3.782537641613E-06
9265 3.854351349654E-06
9268 2.900941296773E-06
9271 2.998129727738E-06
9274 2.688363022944E-06
9277 2.893010261143E-06
9280 2.439642188655E-06
9283 3.167705752437E-06
9286 2.092119839746E-06
9289 2.583626097381E-06
9292 2.714040189376E-06
9295 2.740160876426E-06
9298 3.149517100224E-06
9301 2.921974360743E-06
9304 3.228181422458E-06
9307 2.593375359257E-06
9310 2.614916228975E-06
9313 2.713060611710E-06
9316 3.036074618422E-06
9319 2.441308758384E-06
9322 3.019820218867E-06
9325 3.476980250494E-06
9328 3.168298022655E-06
9331 3.388956068211E-06
9334 3.209246966636E-06
9337 3.970681305199E-06
9340 3.416615009870E-06
9343 3.384308816076E-06
9346 2.985189603529E-06
9349 2.950147471295E-06
9352 2.914204058557E-06
9355 3.207398950275E-06
9358 2.354944894831E-06
9361 3.067166073834E-06
9364 2.901778618453E-06
9367 3.107253159153E-06
9370 2.895055897364E-06
9373 3.418615686035E-06
9376 3.331406646197E-06
9379 2.654514425277E-06
9382 1.960602827932E-06
9385 2.908763457108E-06
9388 2.951572571073E-06
9391 2.609158820269E-06
9394 2.914953879451E-06
9397 2.969896142147E-06
9400 3.489944566012E-06
9403 2.841141248031E-06
9406 3.356687031104E-06
9409 3.215129770507E-06
9412 3.345614857409E-06
9415 2.820903885766E-06
9418 2.390296798161E-06
9421 3.907087098900E-06
9424 4.185569901409E-06
9427 3.405840388279E-06
9430 3.551766251280E-06
9433 3.257090061627E-06
9436 3.881093541319E-06
9439 3.510031877555E-06
9442 2.677163139967E-06
9445 3.164179762185E-06
9448 2.386839325057E-06
9451 2.769221538510E-06
9454 2.131328667185E-06
9457 2.319079942518E-06
9460 2.106472093065E-06
9463 3.174078612187E-06
9466 2.645592352371E-06
9469 2.952303893922E-06
9472 4.764121614340E-06
9475 3.798910998523E-06
9478 3.945531631427E-06
9481 5.235610748207E-06
9484 4.514371766668E-06
9487 3.814365030174E-06
9490 3.132697489821E-06
9493 3.392692066328E-06
9496 3.340697324896E-06
9499 3.311057664383E-06
9502 3.728525025858E-06
9505 2.814032375860E-06
9508 2.241485827435E-06
9511 2.358495966213E-06
9514 2.414172001847E-06
9517 1.895321908456E-06
9520 2.542823747319E-06
9523 2.033893089901E-06
9526 2.811866346597E-06
9529 1.914985099379E-06
9532 2.329652372289E-06
9535 2.877478150714E-06
9538 2.693584473032E-06
9541 3.705517857156E-06
9544 3.197586385410E-06
9547 4.892814668400E-06
9550 4.224795931879E-06
9553 3.452491492577E-06
9556 3.146316910446E-06
9559 3.434894698051E-06
9562 3.678371304575E-06
9565 3.216052335430E-06
9568 3.229793034048E-06
9571 4.318572732530E-06
9574 2.607096381921E-06
9577 3.154008576514E-06
9580 2.088095746010E-06
9583 2.269462237848E-06
9586 2.649932161679E-06
9589 2.234071126230E-06
9592 2.159853645723E-06
9595 2.600357304729E-06
9598 3.263407663007E-06
9601 2.463624742404E-06
9604 2.945908538562E-06
9607 2.228379006024E-06
9610 2.727750714638E-06
9613 2.483329442949E-06
9616 2.575256244946E-06
9619 2.637449885490E-06
9622 2.042345613870E-06
9625 2.719021042488E-06
9628 2.390950011365E-06
9631 3.042268403576E-06
9634 3.077374614035E-06
9637 2.990986561859E-06
9640 4.080697886989E-06
9643 2.818383683795E-06
9646 2.690991935376E-06
9649 2.626125170152E-06
9652 2.211146697943E-06
9655 2.673854182480E-06
9658 2.715051596550E-06
9661 2.847207967162E-06
9664 2.736353803216E-06
9667 3.312432545541E-06
9670 3.412050523021E-06
9673 2.879526552596E-06
9676 2.963452626904E-06
9679 4.382984817170E-06
9682 2.687343195667E-06
9685 2.717065605388E-06
9688 2.508213654455E-06
9691 2.021606051736E-06
9694 1.816488241412E-06
9697 1.793308144890E-06
9700 2.281104075046E-06
9703 1.630977202710E-06
9706 2.896598336775E-06
9709 2.260922348893E-06
9712 2.253984323609E-06
9715 2.451735084880E-06
9718 2.605471099077E-06
9721 2.148959118426E-06
9724 2.437264374584E-06
9727 2.915232222622E-06
9730 3.429614555658E-06
9733 2.769165353055E-06
9736 3.884355689412E-06
9739 3.024700551985E-06
9742 3.691399716249E-06
9745 3.051735263940E-06
9748 4.705695710758E-06
9751 3.906780534533E-06
9754 3.400116314963E-06
9757 2.926056378424E-06
9760 2.664677246702E-06
9763 2.673749994010E-06
9766 2.428412862048E-06
9769 2.846652929108E-06
9772 1.858162544227E-06
9775 2.037410355267E-06
9778 1.590587815361E-06
9781 1.641129280915E-06
9784 2.135253171739E-06
9787 1.857677179702E-06
9790 2.005195710688E-06
9793 2.646863459593E-06
9796 2.280996057936E-06
9799 2.944335674702E-06
9802 3.348023438109E-06
9805 4.056995062362E-06
9808 3.618486662884E-06
9811 3.226263006408E-06
9814 3.415868926909E-06
9817 3.310441205913E-06
9820 3.343477960189E-06
9823 1.870486274296E-06
9826 1.985631022646E-06
9829 2.605821239466E-06
9832 2.802971686369E-06
9835 3.060940158246E-06
9838 2.271644036902E-06
9841 1.877170721812E-06
9844 2.248409053269E-06
9847 2.041151775751E-06
9850 2.339681968430E-06
9853 1.871434471818E-06
9856 1.626721025453E-06
9859 1.686390166929E-06
9862 1.628306787294E-06
9865 1.671580314525E-06
9868 1.986948175337E-06
9871 2.063095104336E-06
9874 2.120569857384E-06
9877 2.360217259792E-06
9880 2.733651472066E-06
9883 2.448959124769E-06
9886 1.932241326256E-06
9889 2.385579629642E-06
9892 3.664304124893E-06
9895 2.322583782411E-06
9898 3.305566523865E-06
9901 2.618441087472E-06
9904 3.189412830216E-06
9907 1.944900626722E-06
9910 2.181586256949E-06
9913 2.059666910505E-06
9916 1.774809939841E-06
9919 1.863220420081E-06
9922 1.496220686926E-06
9925 1.732985604108E-06
9928 1.788594438575E-06
9931 1.325551676922E-06
9934 1.813097764002E-06
9937 1.926934397635E-06
9940 2.257018757008E-06
9943 2.758936825901E-06
9946 2.672712459630E-06
9949 2.287572311596E-06
9952 3.246126927243E-06
9955 2.667429698360E-06
9958 2.626149743250E-06
9961 1.876623333323E-06
9964 2.271076360794E-06
9967 1.651884779266E-06
9970 1.950641624268E-06
9973 1.973940184406E-06
9976 1.927541960396E-06
9979 1.747016587002E-06
9982 1.772692930649E-06
9985 1.805744406739E-06
9988 1.365207691699E-06
9991 1.090280849117E-06
9994 1.716210814163E-06
9997 1.305758205503E-06
10000 1.306702533827E-06
