0 -3.084262416790E-03
1 5.696109317327E-09
2 1.015402629908E-03
3 1.029692235237E+00
4 3.152727134328E-01
5 9.989645729369E-01
6 -2.928188686046E-04
7 -2.409273416539E-03
8 -1.731714986359E-03
9 9.078852044935E-01
10 3.950747663259E-01
11 5.152326986997E-02
12 -5.730999498593E-04
13 -2.528034085222E-03
14 6.897576301822E-04
15 4.796364866333E-02
16 4.738072298859E-01
17 9.612001060777E-01
18 7.621519216768E-04
19 1.978004433815E-02
20 -2.290565665655E-03
21 1.049412410917E+00
22 3.337397486994E-01
23 1.103773421736E+00
24 -4.855311065647E-03
25 5.696109317327E-09
26 -1.937473760171E-03
27 9.650000855636E-01
28 6.886048867953E-01
29 1.023563515490E+00
30 2.358976795458E-03
31 2.194754094354E-03
32 3.203592604212E-04
33 9.661106724675E-01
34 4.643958972512E-01
35 9.024045594975E-01
36 5.229960836454E-04
37 5.696109317327E-09
38 5.378544877785E-04
39 9.671826850126E-01
40 7.180748285803E-01
41 9.554778740955E-01
42 -2.703003955108E-03
43 1.343816528779E-03
44 -1.477527483576E-03
45 9.989159996670E-01
46 4.054520951890E-01
47 9.849019082416E-01
48 2.638531903227E-05
49 -3.192483145668E-04
50 -1.022563959640E-05
51 -5.633581643658E-03
52 6.608694574400E-02
53 5.882087056417E-03
54 -1.927584735430E-04
55 8.369749420656E-04
56 1.559989409841E-02
57 1.047481083065E+00
58 9.215318569028E-01
59 7.561951360233E-01
60 1.939169573031E-03
61 5.727945659165E-04
62 9.243703486201E-04
63 8.339881622478E-01
64 4.672665651844E-01
65 9.116780024536E-01
66 3.810704259216E-04
67 -1.519674020774E-02
68 -2.110555154573E-03
69 1.165001845243E+00
70 7.835050128681E-01
71 1.110544892358E+00
72 1.761792425002E-02
73 2.605330939628E-03
74 1.107285256650E-04
75 7.716325775991E-01
76 8.848307824829E-01
77 1.064234688501E+00
78 -4.765304121130E-04
79 3.972518811774E-04
80 2.209332236891E-03
81 9.802422190615E-01
82 5.550076365259E-01
83 8.193249170861E-01
84 -5.046463865339E-04
85 5.696109317327E-09
86 5.696109317327E-09
87 9.793514239108E-01
88 6.678077040432E-01
89 9.564262454514E-01
90 -5.326032560963E-04
91 3.114532087414E-03
92 8.515927485893E-06
93 9.634041256481E-01
94 7.065004135656E-01
95 9.800406056215E-01
96 -6.140900035207E-03
97 -3.433322824031E-03
98 3.237203464525E-03
99 1.007364636440E+00
100 9.225843492378E-01
101 1.009295562076E+00
102 5.321178903559E-05
103 -4.250708770756E-03
104 -5.403872991627E-04
105 1.023049785438E+00
106 4.252564410198E-01
107 8.170043753568E-01
108 7.847829333160E-04
109 1.474177486768E-02
110 5.968548331135E-04
111 1.082377347078E+00
112 6.003338142892E-01
113 1.122004728993E+00
114 5.696109317327E-09
115 5.696109317327E-09
116 9.531031104336E-03
117 1.092298206196E+00
118 6.631549991965E-01
119 9.534923309411E-01
120 -1.573280046583E-03
121 -2.968742715035E-03
122 -4.963806778882E-03
123 9.400082615924E-01
124 1.053956671589E+00
125 8.372982044101E-01
126 -6.884526862758E-04
127 -4.543761720612E-03
128 1.848724093559E-04
129 8.323447096178E-01
130 4.458220364106E-01
131 1.040377642413E+00
132 -3.410478574628E-04
133 1.059718004048E-03
134 1.947757875155E-02
135 9.490679338322E-01
136 4.704993435816E-01
137 6.049154854693E-02
138 5.801508221438E-03
139 7.205505348619E-03
140 -5.509527884722E-03
141 9.938956136176E-01
142 8.480324983770E-01
143 1.014365756054E+00
144 -2.574143135231E-04
145 3.208577995343E-03
146 -3.611277285307E-04
147 9.908567111084E-01
148 9.808958616106E-01
149 9.990151159948E-01
150 7.017032155340E-05
151 2.012904914001E-03
152 9.330362639135E-04
153 9.694976102247E-01
154 1.040501353357E+00
155 1.020333446148E+00
156 3.013820596453E-03
157 8.439649163879E-04
158 -4.905120981333E-03
159 1.078315514493E+00
160 1.036384584198E+00
161 1.065309841741E+00
162 -4.391859920708E-05
163 3.368017282380E-07
164 4.557457457415E-05
165 9.310932110092E-03
166 1.028223391407E+00
167 1.367500592025E-02
168 -2.694718292168E-03
169 -2.041617794431E-03
170 2.629451271388E-03
171 1.099432819007E+00
172 1.001562037598E+00
173 1.089469795886E+00
174 1.863718391799E-02
175 1.946653057196E-03
176 8.446811281044E-04
177 1.105529209509E-01
178 5.603825607477E-01
179 1.014354992230E+00
180 6.385724792949E-03
181 1.872417010736E-02
182 -6.083415120982E-03
183 9.140950625507E-01
184 7.587347891074E-01
185 1.010403931642E+00
186 -7.790426636694E-04
187 -1.063455457191E-03
188 4.556336526547E-04
189 1.003461820952E+00
190 1.006149695146E+00
191 9.951280825249E-01
192 4.927055737647E-03
193 -3.364658991325E-03
194 -4.836621566154E-04
195 1.036341293978E+00
196 1.034830352335E+00
197 9.974631778301E-01
198 -1.510981640946E-02
199 5.696109317327E-09
200 5.696109317327E-09
201 1.043555720096E+00
202 7.444132075311E-01
203 1.023165627751E+00
204 1.368726200003E-02
205 2.214556448699E-02
206 5.036208697237E-03
207 1.002825021434E+00
208 1.104321506733E+00
209 1.033443009345E+00
210 -1.261686375246E-03
211 -8.884200730547E-04
212 1.472898234670E-03
213 -2.472761038591E-02
214 7.593628710586E-01
215 2.002567465336E-03
216 1.531074648034E-03
217 5.579725759982E-04
218 9.140732809350E-04
219 6.077886891578E-01
220 6.842432251030E-01
221 1.001092363076E+00
222 -1.001541939938E-04
223 2.654230580513E-03
224 9.821605090962E-04
225 1.013318801396E+00
226 4.235902472515E-01
227 5.696779275796E-01
228 -6.721380378206E-04
229 -1.085404448981E-02
230 -2.368907294902E-03
231 9.923588275452E-01
232 9.631158957045E-01
233 1.039487408085E+00
234 -1.585805653802E-03
235 -1.294003582649E-02
236 -3.594802880929E-03
237 9.252152108176E-01
238 1.016420788797E+00
239 8.982138628800E-01
240 -6.706136708608E-04
241 1.301228715213E-03
242 2.604569775702E-03
243 1.026512873514E+00
244 7.160098176503E-01
245 6.083683641954E-01
246 5.696109317327E-09
247 5.696109317327E-09
248 8.439881744681E-04
249 1.005000841509E+00
250 8.042944845544E-01
251 1.003133712010E+00
252 -7.235800827547E-03
253 1.727893288498E-03
254 1.391676995977E-03
255 1.075593084916E+00
256 9.193000663184E-01
257 1.116098538100E+00
258 1.788768885221E-03
259 1.571074277138E-03
260 -1.675843192842E-03
261 1.696603233707E-02
262 8.239543947733E-01
263 1.234511719355E-02
264 5.102484033568E-04
265 2.301534957704E-03
266 3.979508726405E-04
267 5.571013728866E-01
268 3.972082311776E-01
269 9.917609157886E-01
270 8.883606440229E-04
271 -7.546915415322E-03
272 -6.275684020750E-03
273 1.011672639808E+00
274 1.027802742877E+00
275 1.021954873660E+00
276 3.005592365544E-04
277 -1.561396344686E-03
278 3.337028302480E-02
279 9.782300300347E-01
280 8.774322561595E-01
281 2.862209546271E-01
282 4.288561997898E-03
283 -1.477609794910E-03
284 3.879233926969E-03
285 7.744628928445E-01
286 1.101757618150E+00
287 1.032016052508E+00
288 -1.011920147269E-03
289 2.713781795586E-03
290 -6.362805189181E-04
291 1.016342840139E+00
292 1.135595733655E+00
293 1.014061591090E+00
294 -3.162805583721E-04
295 -3.699839962314E-05
296 -8.577014032908E-04
297 9.683502864919E-01
298 1.147410158149E+00
299 9.737202435806E-01
300 -2.347640783229E-03
301 5.696109317327E-09
302 5.696109317327E-09
303 9.729933141252E-01
304 9.806009616105E-01
305 9.636650755097E-01
306 -2.718063993744E-03
307 2.713231406107E-03
308 7.052101995926E-03
309 9.523867603057E-01
310 8.511694596272E-01
311 3.895451755967E-01
312 3.223926225373E-05
313 -3.045039523638E-03
314 -4.896341753702E-04
315 9.832054476101E-01
316 6.743558521695E-01
317 5.803196369971E-01
318 -3.215574223896E-03
319 -3.001588875892E-03
320 1.086755009197E-03
321 6.603845797508E-01
322 1.047189297789E+00
323 9.569337491470E-01
324 1.853754230803E-05
325 1.667791257265E-02
326 -2.587203117115E-03
327 1.028506451017E+00
328 1.004516497762E+00
329 1.011835449206E+00
330 2.309945890216E-03
331 1.144773874441E-02
332 1.685393660445E-03
333 9.179154721131E-01
334 1.010914676561E+00
335 9.251730534237E-01
336 -7.565332038502E-04
337 -2.938944658966E-03
338 3.475592166438E-04
339 5.731523552274E-01
340 6.789516867570E-01
341 9.891021347843E-01
342 3.329941796384E-02
343 -3.360385686527E-04
344 2.201461033592E-04
345 2.810192549638E-01
346 8.597874016046E-01
347 9.869502915844E-01
348 -2.124282139930E-03
349 -3.329809302492E-03
350 6.715327904134E-03
351 1.038296337358E+00
352 1.064069341678E+00
353 6.480708669574E-01
354 -1.657003464149E-03
355 6.723700798103E-03
356 -9.599254368536E-05
357 9.580563722970E-01
358 1.148920777626E+00
359 9.577436705820E-01
360 -1.415895075565E-03
361 -4.417450610557E-03
362 -2.098616650697E-03
363 9.803508932556E-01
364 1.079900043432E+00
365 7.114875682098E-01
366 -2.691619438846E-03
367 2.087180970500E-02
368 -2.057169311192E-03
369 1.008756157179E+00
370 9.811348810666E-01
371 1.000233886277E+00
372 -5.663132667865E-03
373 -1.758194594868E-03
374 4.664866854147E-03
375 7.774003954548E-01
376 1.026666240428E+00
377 1.006250800733E+00
378 -1.478746862216E-04
379 -3.147092570738E-03
380 -4.740765380767E-04
381 1.002517081668E+00
382 3.874262199361E-01
383 4.478736111064E-01
384 1.734430408276E-03
385 1.533953684669E-02
386 -1.261235028285E-02
387 9.824600153528E-01
388 9.645661438189E-01
389 9.804428818888E-01
390 -3.171260437866E-03
391 5.696109317327E-09
392 -3.464919945151E-03
393 1.018331857214E+00
394 6.329785266903E-01
395 9.538353080826E-01
396 1.127393013789E-03
397 2.973341994924E-03
398 -1.429380439594E-04
399 9.973701894751E-01
400 1.150901829218E+00
401 1.076094075009E+00
402 1.320945808606E-03
403 3.116126700797E-03
404 1.112186885629E-03
405 9.586169405700E-01
406 1.027833733614E+00
407 9.921411917729E-01
408 -2.181705007769E-03
409 5.696109317327E-09
410 7.566530755829E-04
411 9.547355211266E-01
412 5.016499978545E-01
413 9.837954950994E-01
414 -5.514844938279E-04
415 3.717572485753E-03
416 -2.549923362534E-05
417 9.317730219360E-01
418 3.606389324163E-01
419 4.395973593635E-02
420 5.125722828444E-04
421 1.107138035348E-03
422 -1.020033537457E-03
423 9.994579692032E-01
424 1.165487530390E+00
425 9.662665154682E-01
426 2.908029255854E-03
427 2.208600688393E-03
428 -4.653706541401E-03
429 1.102331844747E+00
430 1.035605625931E+00
431 1.079251745168E+00
432 1.125741100669E-03
433 1.638800012481E-03
434 -1.425399069103E-03
435 1.044706702785E+00
436 1.026269870194E+00
437 1.041782158430E+00
438 -2.307123618053E-04
439 1.208381169801E-03
440 -2.050477364038E-04
441 9.661737288256E-01
442 8.766597635559E-01
443 9.945451088861E-01
444 -2.501120680360E-03
445 3.124156815854E-03
446 -2.887595789460E-05
447 1.103077212450E+00
448 1.049673753085E+00
449 1.097670243003E+00
450 4.536618400520E-05
451 2.169580431209E-03
452 -7.781818362163E-05
453 5.704850968372E-03
454 1.066095935621E+00
455 1.532200798536E-03
456 -3.466482694321E-03
457 9.035590163617E-04
458 3.165495548593E-03
459 1.079480274172E+00
460 1.004129694036E+00
461 1.093109658503E+00
462 -6.950021613422E-04
463 -1.183663873651E-03
464 4.997525632954E-04
465 9.693464444480E-01
466 1.178384014877E+00
467 9.962160291601E-01
468 5.696109317327E-09
469 5.696109317327E-09
470 1.991974482702E-02
471 9.371551053898E-01
472 9.628551371424E-01
473 9.904892084919E-01
474 -1.287525435486E-03
475 3.522494491692E-04
476 -2.616405094485E-03
477 1.021319377191E+00
478 1.090809307369E+00
479 7.087150052167E-01
480 -6.279463778312E-04
481 -2.852159141136E-03
482 8.493309010555E-05
483 4.069946967161E-01
484 3.880697821752E-01
485 1.028389108638E+00
486 6.311422955137E-04
487 -8.767576395747E-04
488 1.381558971437E-03
489 1.046421021093E+00
490 1.061290273483E+00
491 1.044984756315E+00
492 4.682110403413E-04
493 -3.081739665866E-04
494 2.741226630297E-04
495 9.568415341328E-01
496 8.856774042686E-01
497 9.863461646063E-01
498 1.921951997304E-03
499 5.485096503807E-04
500 -2.344417149414E-03
501 1.043331282552E+00
502 9.769362674298E-01
503 1.125414264794E+00
504 -1.223237763563E-03
505 5.005372446875E-03
506 -1.020335835417E-03
507 1.031454694151E+00
508 1.129118331725E+00
509 1.018834114634E+00
510 2.197928865335E-03
511 2.272800195585E-03
512 -3.361753178186E-03
513 9.706268736848E-01
514 9.082203287328E-01
515 9.650651218108E-01
516 -1.137815534668E-04
517 5.322009592006E-03
518 9.009328541524E-04
519 1.023319658945E+00
520 4.836293358010E-01
521 9.004286336069E-01
522 4.800826176692E-03
523 1.962795426386E-03
524 3.490948900284E-03
525 1.056219398293E+00
526 1.150279475973E+00
527 1.065019040164E+00
528 4.207289286193E-03
529 -1.924301335951E-02
530 4.136333662773E-03
531 1.016612431156E+00
532 1.004638475964E+00
533 1.022473110909E+00
534 1.476243194095E-03
535 2.506688162492E-02
536 -5.168402029461E-03
537 1.193616822752E+00
538 4.514394422409E-01
539 1.243794664756E+00
540 -1.411084716129E-03
541 -6.837152711891E-03
542 6.522729459475E-04
543 9.606459553654E-01
544 5.405383680096E-01
545 9.697347099332E-01
546 -8.073049453704E-04
547 5.696109317327E-09
548 -1.979941417563E-03
549 1.027222704056E+00
550 2.581832854415E-01
551 1.015936954638E+00
552 1.552475172712E-03
553 1.545090177492E-03
554 3.225179851131E-04
555 8.573049635997E-01
556 3.494411424717E-01
557 8.571570874965E-01
558 5.618334670206E-06
559 -1.703425095144E-05
560 1.357738269836E-06
561 8.136565645797E-01
562 1.448107806675E-01
563 8.136584571814E-01
564 9.198043528095E-04
565 1.600019156337E-03
566 1.408651664465E-03
567 5.569958859723E-01
568 9.985490603883E-01
569 9.990407913333E-01
570 -1.136130337890E-04
571 2.484795325060E-03
572 6.683001536269E-04
573 1.028627209651E+00
574 5.043628650323E-01
575 5.098339712872E-01
576 -9.564442499027E-06
577 -1.653126918679E-02
578 -2.001816900047E-03
579 1.021071534596E+00
580 9.673487103199E-01
581 1.020927747273E+00
582 4.665375068961E-03
583 -2.387747386172E-02
584 3.156778552161E-03
585 9.754131300895E-01
586 1.045199460375E+00
587 9.780451311718E-01
588 1.589241381355E-03
589 1.627659412299E-03
590 8.725148549713E-04
591 9.389631720033E-01
592 1.050846187983E+00
593 1.039118823223E+00
594 -1.561599458437E-04
595 2.100086017201E-03
596 1.796554409739E-03
597 1.003838694708E+00
598 1.010042183537E+00
599 5.721449795526E-01
600 3.032426544179E-04
601 2.647762678245E-03
602 1.089081893151E-04
603 4.977809969696E-01
604 4.776237237385E-01
605 1.020557779425E+00
606 4.808990300350E-03
607 2.175277668479E-03
608 8.684324389447E-04
609 1.698739408316E-01
610 8.099272412909E-01
611 9.723327727887E-01
612 1.238871370854E-02
613 3.799825191946E-02
614 -2.661561253540E-02
615 1.019226477693E+00
616 9.192532172823E-01
617 9.667196757894E-01
618 -6.009850745489E-04
619 -1.380463993584E-03
620 -5.939260870413E-04
621 1.025902768109E+00
622 1.132483003986E+00
623 1.023176655266E+00
624 3.719246161219E-04
625 1.471035883267E-04
626 2.487238863673E-03
627 1.066543589619E+00
628 1.033949653201E+00
629 1.006106554313E+00
630 4.325154516778E-03
631 -2.084844638804E-02
632 1.547076046765E-03
633 9.661667844767E-01
634 1.048918583101E+00
635 9.773516274173E-01
636 -1.342432108958E-03
637 2.861572497078E-03
638 3.201928491500E-03
639 1.041312425038E+00
640 1.063639429417E+00
641 9.663890013241E-01
642 -2.753781507322E-04
643 4.203149370396E-03
644 8.912416498624E-04
645 9.659921939395E-01
646 7.674124314552E-01
647 9.010604670056E-01
648 -6.539217588598E-04
649 -2.372737161389E-03
650 -6.890825904362E-04
651 1.026329672401E+00
652 4.869240908933E-01
653 9.219801805202E-01
654 1.046900531375E-03
655 -4.225901152165E-03
656 3.696474436598E-04
657 1.011655291668E+00
658 1.162056709795E+00
659 1.014404624083E+00
660 -3.129851432224E-03
661 2.087112047951E-02
662 -4.712421465292E-03
663 1.050769168676E+00
664 1.050559400140E+00
665 9.895592705591E-01
666 1.176962134912E-03
667 -4.052937689182E-06
668 -1.162860567727E-03
669 8.999233572131E-01
670 7.017884132255E-01
671 9.002948986326E-01
672 3.224312645635E-04
673 -3.371074726900E-05
674 -3.151070847137E-04
675 9.844376833577E-01
676 7.255630090707E-01
677 9.848171738901E-01
678 1.823858491535E-03
679 -3.337025101241E-03
680 5.556858716105E-04
681 4.391857612178E-02
682 3.607368494524E-01
683 9.351202208884E-01
684 1.105976355967E-03
685 -1.962505881351E-02
686 2.040125719198E-03
687 1.244299811810E+00
688 4.509250844986E-01
689 1.194238628193E+00
690 -6.180615817948E-04
691 9.560342246057E-04
692 -6.068053324814E-04
693 1.013375389884E+00
694 1.186980760037E+00
695 1.010710416996E+00
696 -8.639863147187E-04
697 2.502310522931E-03
698 -6.614591808033E-04
699 1.021569241202E+00
700 1.190058150682E+00
701 1.013157132020E+00
702 -6.065178769663E-04
703 8.752819439387E-04
704 -5.493861205579E-04
705 9.977755957720E-01
706 1.163979189428E+00
707 1.002427582937E+00
708 -1.149521545373E-04
709 -2.801556269123E-03
710 -2.872280710209E-04
711 1.015427328885E+00
712 9.457765034855E-01
713 5.153426172795E-01
714 -1.401651756472E-03
715 -2.956504170424E-03
716 1.101423458612E-03
717 5.546290680788E-01
718 1.012154119778E+00
719 9.956112641496E-01
720 -2.018176309646E-03
721 2.377338588013E-02
722 -2.473387417707E-03
723 1.012399382803E+00
724 9.894959883764E-01
725 1.001972429074E+00
726 -3.375192317502E-03
727 2.335710551013E-02
728 -5.211632042207E-03
729 9.700147933724E-01
730 1.040604030441E+00
731 9.568998539050E-01
732 -4.829858307635E-04
733 -3.577364726734E-03
734 -6.782848743490E-04
735 9.636265918275E-01
736 7.834960099264E-01
737 8.990109280477E-01
738 -5.500646729389E-04
739 -2.672227488786E-03
740 2.504002214267E-04
741 5.104262765395E-01
742 9.456918212402E-01
743 1.017377346286E+00
744 3.770836775832E-04
745 -3.425062281823E-03
746 -4.954630320074E-04
747 9.883226284946E-01
748 9.904954451960E-01
749 5.424143241642E-01
750 -1.327352697942E-04
751 5.696109317327E-09
752 1.077152862365E-03
753 9.731871450162E-01
754 6.356341872887E-01
755 1.006231534233E+00
756 -8.710516064008E-04
757 2.444194058571E-03
758 -1.716576100363E-03
759 1.009214149582E+00
760 8.879118565012E-01
761 1.051820269820E+00
762 4.391012653180E-03
763 -1.048787557609E-03
764 3.596441404772E-03
765 9.414931418133E-01
766 1.041381620267E+00
767 9.760388526041E-01
768 6.963838345010E-04
769 4.765120654514E-03
770 7.053069879570E-05
771 9.299777999843E-01
772 7.747963888498E-01
773 9.650255421732E-01
774 4.925332482768E-03
775 -1.490159161029E-02
776 5.432610502547E-05
777 9.707638630357E-01
778 9.980634005077E-01
779 1.034998533108E+00
780 -4.454540054610E-03
781 2.369597028388E-02
782 -4.581573323892E-03
783 9.579095188975E-01
784 1.024710916704E+00
785 9.667397724699E-01
786 -1.069612707911E-03
787 -4.193088369032E-03
788 2.452688600022E-05
789 9.078017549337E-01
790 7.956327527420E-01
791 9.652301835987E-01
792 -2.212017922251E-03
793 -3.915151584611E-03
794 2.820476998809E-04
795 9.152006293876E-01
796 6.951745274261E-01
797 1.021386746462E+00
798 -6.115700956120E-04
799 -1.734810790791E-06
800 6.121968104820E-04
801 8.224318910426E-01
802 6.362489189953E-01
803 8.224319028868E-01
804 5.403071816839E-05
805 -6.188366746583E-06
806 -5.108600953582E-05
807 1.053896006978E+00
808 9.890486878361E-01
809 1.053898103740E+00
810 2.512234365659E-03
811 1.562024038134E-06
812 -2.512148559278E-03
813 1.080469843926E+00
814 9.800608394105E-01
815 1.080403473533E+00
816 -6.559576341126E-04
817 6.992156073200E-03
818 2.406299995215E-03
819 9.716879266148E-01
820 5.400738933488E-01
821 9.606062057085E-01
822 6.890066462849E-04
823 2.358038408156E-03
824 6.564341040133E-04
825 9.207162181039E-01
826 4.867812069396E-01
827 1.026159518512E+00
828 1.517040945028E-03
829 5.696109317327E-09
830 -2.365359740744E-03
831 9.930359084826E-01
832 5.019602884747E-01
833 9.520386127738E-01
834 4.337924190819E-04
835 -2.812573015046E-07
836 -4.337977168187E-04
837 9.896742303996E-01
838 1.148974755922E+00
839 9.897025027354E-01
840 -8.543825902099E-04
841 -4.224811875394E-07
842 8.545073470732E-04
843 1.093882630054E+00
844 9.946970372452E-01
845 1.093877211916E+00
846 8.001578773174E-04
847 3.928667730945E-07
848 -8.001866882017E-04
849 1.054217963456E+00
850 9.817092305515E-01
851 1.054213743954E+00
852 6.542064521010E-06
853 5.469817706217E-07
854 -6.543154621210E-06
855 1.061752101669E+00
856 7.213454367583E-01
857 1.061752115618E+00
858 1.119054267322E-03
859 5.536698106767E-07
860 -1.119138321001E-03
861 1.090268846084E+00
862 9.730000067261E-01
863 1.090271093083E+00
864 5.186592634335E-05
865 8.822342599041E-07
866 -5.209457725198E-05
867 9.655760194120E-01
868 1.056535816999E+00
869 9.655759381199E-01
870 -1.301372136259E-03
871 -2.254033953136E-06
872 1.302351478149E-03
873 1.088416452416E+00
874 1.018378408335E+00
875 1.088364581789E+00
876 1.053770750868E-03
877 6.112351663541E-06
878 -1.053190598621E-03
879 1.013954368992E+00
880 1.171530407127E+00
881 1.013995515063E+00
882 -1.317859073767E-04
883 2.434091995725E-06
884 1.318009359032E-04
885 9.878822081782E-01
886 1.161674952574E+00
887 9.877968850446E-01
888 -1.513056721184E-04
889 -4.131775982639E-08
890 1.513045930185E-04
891 1.052641497493E+00
892 9.957761933676E-01
893 1.052636385493E+00
894 -9.484627189708E-04
895 4.300997045052E-03
896 -1.935367985670E-05
897 9.079376743648E-01
898 4.968780308814E-01
899 1.046199486767E+00
900 -2.510589811260E-04
901 1.621900908876E-03
902 4.372848392929E-03
903 1.047223892153E+00
904 1.114997380187E+00
905 9.815493764306E-01
906 2.552766578711E-04
907 -6.299090672687E-04
908 9.976814554621E-04
909 1.033753629921E+00
910 1.166302164234E+00
911 1.010810357516E+00
912 -4.653614494613E-04
913 -4.438248344014E-03
914 -1.409461793461E-03
915 9.989634160816E-01
916 6.651769585691E-01
917 9.204938181601E-01
918 -4.315796475956E-03
919 2.274531933937E-02
920 -3.838042981890E-03
921 9.856892868023E-01
922 1.034458275319E+00
923 1.050824754563E+00
924 -1.594326108985E-05
925 3.055776585914E-08
926 1.595666542349E-05
927 9.652898342195E-01
928 1.058000947700E+00
929 9.652898111741E-01
930 1.731659745639E-03
931 -1.736543135507E-06
932 -1.732338988455E-03
933 1.086270611955E+00
934 9.739473287767E-01
935 1.086042650818E+00
936 -1.232600424005E-03
937 -1.173282397094E-05
938 1.231847843446E-03
939 1.014963931799E+00
940 1.198242183922E+00
941 1.015136771497E+00
942 4.710422552257E-03
943 -2.086575482671E-02
944 3.130036180785E-03
945 9.895274851196E-01
946 1.050558414048E+00
947 1.050783320023E+00
948 -2.824323498414E-04
949 3.926288692176E-03
950 2.210997888291E-03
951 1.021540506048E+00
952 6.950743501077E-01
953 9.151543367310E-01
954 8.801542883643E-04
955 -4.770773273971E-03
956 1.169225233784E-04
957 8.990556517457E-01
958 4.836611854874E-01
959 1.023888066841E+00
960 -3.665849826009E-04
961 4.122160229180E-03
962 -1.027285920940E-03
963 1.013424179251E+00
964 1.161971322686E+00
965 1.011638223877E+00
966 -3.485495994156E-03
967 -1.611814101300E-03
968 -2.967463620608E-03
969 1.068015399413E+00
970 1.151903601569E+00
971 1.055826090822E+00
972 -1.101392697295E-03
973 2.957842413603E-03
974 1.401596641205E-03
975 9.956197339619E-01
976 1.012152440470E+00
977 5.546293804571E-01
978 2.872308612668E-04
979 2.801598948615E-03
980 1.149607593079E-04
981 5.153395013090E-01
982 9.457747279236E-01
983 1.015424197752E+00
984 2.473353169217E-03
985 -2.377403612393E-02
986 2.018235410092E-03
987 1.001979393536E+00
988 9.894955320856E-01
989 1.012390220792E+00
990 5.211203217290E-03
991 -2.335640404902E-02
992 3.375760236753E-03
993 9.569038195989E-01
994 1.040603311521E+00
995 9.700104119002E-01
996 -2.503962466752E-04
997 2.671406147107E-03
998 5.500723199635E-04
999 1.017361105606E+00
1000 9.456916602463E-01
1001 5.104281080091E-01
1002 6.796786688448E-04
1003 3.565793136602E-03
1004 4.811522554318E-04
1005 8.989330175437E-01
1006 7.834203799073E-01
1007 9.638164686570E-01
1008 4.952989760217E-04
1009 3.418820215525E-03
1010 -3.770814472302E-04
1011 5.424158350472E-01
1012 9.904854608573E-01
1013 9.886935633937E-01
1014 4.581344637874E-03
1015 -2.369636409044E-02
1016 4.455046561257E-03
1017 9.666444714702E-01
1018 1.024678971491E+00
1019 9.579261428338E-01
1020 -2.768710365028E-03
1021 5.696109317327E-09
1022 3.855503380066E-03
1023 1.027295478269E+00
1024 5.268145187694E-01
1025 9.292909426768E-01
1026 1.021672272527E-05
1027 -6.558145908779E-03
1028 -1.705898290550E-03
1029 9.218819038768E-01
1030 4.575234770478E-01
1031 9.197233778109E-01
1032 -1.017421591848E-03
1033 -2.740092633839E-03
1034 -2.789631644197E-04
1035 9.344401780965E-01
1036 5.189451951401E-01
1037 1.044006236360E+00
1038 -1.098444409960E-03
1039 2.782802421406E-05
1040 1.075050413565E-03
1041 1.062385072222E+00
1042 1.005812898037E+00
1043 1.060489516698E+00
1044 -2.397292145492E-04
1045 4.263280514281E-04
1046 -2.449044040730E-04
1047 1.061702886147E+00
1048 9.967387885761E-01
1049 1.061750738551E+00
1050 9.668051136965E-04
1051 2.474636418487E-05
1052 -9.692334666103E-04
1053 8.867806987373E-01
1054 6.805374294683E-01
1055 8.863102380633E-01
1056 -2.268164062500E-05
1057 4.206894920466E-03
1058 1.068947129250E-03
1059 9.650233422809E-01
1060 7.957376472597E-01
1061 9.079021213395E-01
1062 1.413486348477E-03
1063 4.453371372337E-03
1064 4.670801288346E-04
1065 9.202320797770E-01
1066 6.651171055072E-01
1067 9.989356055983E-01
1068 -4.134150529648E-03
1069 1.927228370782E-02
1070 -4.176969336018E-03
1071 1.022451902489E+00
1072 1.004827029209E+00
1073 1.016654124711E+00
1074 -8.914307102888E-04
1075 -4.205675770098E-03
1076 2.753827325363E-04
1077 9.009460650969E-01
1078 7.674095248258E-01
1079 9.659820010681E-01
1080 2.314784764246E-04
1081 5.696109317327E-09
1082 -7.154565700037E-04
1083 9.620626034662E-01
1084 6.327884942330E-01
1085 1.018455000719E+00
1086 2.215208074940E-03
1087 1.934708166673E-04
1088 8.603257067943E-04
1089 1.076204223254E+00
1090 1.151714176726E+00
1091 9.972366302234E-01
1092 6.067390863460E-04
1093 -9.550415919732E-04
1094 6.182808099281E-04
1095 1.010693655547E+00
1096 1.186983476096E+00
1097 1.013452824918E+00
1098 6.617513167426E-04
1099 -2.493671131342E-03
1100 8.639805628890E-04
1101 1.013076090334E+00
1102 1.190041405298E+00
1103 1.020728914549E+00
1104 -1.214419956824E-03
1105 -3.258961538903E-03
1106 -1.269416707213E-03
1107 9.917470915756E-01
1108 1.028488881644E+00
1109 9.582026855286E-01
1110 -6.683014413010E-04
1111 -2.487283266812E-03
1112 1.136125193676E-04
1113 5.098336971229E-01
1114 5.043626747685E-01
1115 1.028621756943E+00
1116 5.493851331528E-04
1117 -8.754229181409E-04
1118 6.065003720777E-04
1119 1.002395629621E+00
1120 1.163980490652E+00
1121 9.977808788539E-01
1122 -1.408631126745E-03
1123 -1.599062021344E-03
1124 -9.197826746128E-04
1125 9.990492360810E-01
1126 9.985463742855E-01
1127 5.569970314626E-01
1128 2.001839805719E-03
1129 1.653101455760E-02
1130 9.589880545955E-06
1131 1.020937947569E+00
1132 9.673500524064E-01
1133 1.021061283615E+00
1134 -3.156485679042E-03
1135 2.387800434660E-02
1136 -4.665153736439E-03
1137 9.780618416242E-01
1138 1.045198869012E+00
1139 9.754025539205E-01
1140 -1.796561978907E-03
1141 -2.099420695004E-03
1142 1.561041186879E-04
1143 5.721347659207E-01
1144 1.010034522425E+00
1145 1.003846874134E+00
1146 -1.088975949150E-04
1147 -2.645270763994E-03
1148 -3.032391259720E-04
1149 1.020565350433E+00
1150 4.776244874660E-01
1151 4.977848541791E-01
1152 -8.723163991926E-04
1153 -1.603848071894E-03
1154 -1.590119148106E-03
1155 1.039193940909E+00
1156 1.050851970914E+00
1157 9.389007057180E-01
1158 -1.546325138957E-03
1159 2.085401863642E-02
1160 -4.325287719409E-03
1161 9.772484562665E-01
1162 1.048854155802E+00
1163 9.662306532049E-01
1164 -2.297467955902E-03
1165 3.728855225543E-03
1166 2.668479609684E-04
1167 4.210034522589E-02
1168 4.280850865112E-01
1169 1.001075667098E+00
1170 1.969119221039E-03
1171 2.548966576198E-02
1172 -3.535932628139E-03
1173 1.141756511204E+00
1174 4.306447118427E-01
1175 1.229162256472E+00
1176 -3.959801973183E-04
1177 -4.927801545416E-05
1178 3.886393143210E-04
1179 9.906175032394E-01
1180 7.446904518778E-01
1181 9.903905346421E-01
1182 1.647309633080E-04
1183 2.304490423088E-06
1184 -1.761548050636E-04
1185 8.809067731640E-01
1186 7.298111756079E-01
1187 8.811042880555E-01
1188 4.290697786866E-03
1189 -2.348685201203E-02
1190 4.788495400981E-03
1191 1.052667558680E+00
1192 1.027245056978E+00
1193 9.877428330827E-01
1194 2.763003522164E-04
1195 2.753233880959E-03
1196 1.020226128589E-03
1197 1.044021564146E+00
1198 5.192226884215E-01
1199 9.347756076426E-01
1200 -3.205279436456E-03
1201 -2.910737844343E-03
1202 1.342837312048E-03
1203 9.664087046186E-01
1204 1.063754040095E+00
1205 1.042918027398E+00
1206 -6.420678176969E-05
1207 -4.744791826218E-03
1208 -6.912678948833E-04
1209 9.650830815892E-01
1210 7.748016694230E-01
1211 9.303834176222E-01
1212 -9.729353549473E-04
1213 5.285502394457E-04
1214 -3.021199029846E-04
1215 1.010747180378E+00
1216 1.168659990606E+00
1217 1.031966179802E+00
1218 3.362492473700E-03
1219 -2.290783408844E-03
1220 -2.176652768947E-03
1221 9.652455885279E-01
1222 9.076462914553E-01
1223 9.706166854023E-01
1224 1.014055257829E-03
1225 -5.087441038344E-03
1226 1.236543009763E-03
1227 1.018510967790E+00
1228 1.129317537781E+00
1229 1.031503587738E+00
1230 1.409046822001E-02
1231 -1.847254071009E-03
1232 2.727106745238E-03
1233 3.889964950876E-01
1234 8.516346253229E-01
1235 9.525307150961E-01
1236 6.866589154805E-03
1237 -6.728563261646E-03
1238 3.563617523029E-03
1239 9.833851426354E-01
1240 9.623142829874E-01
1241 9.837426148683E-01
1242 1.020142048311E-03
1243 -1.103430457517E-03
1244 -5.125950268851E-04
1245 9.662539801925E-01
1246 1.165496627347E+00
1247 9.994545393075E-01
1248 1.425013031478E-03
1249 -1.638533838445E-03
1250 -1.125565907931E-03
1251 1.041791302242E+00
1252 1.026279281704E+00
1253 1.044700392473E+00
1254 4.653653750105E-03
1255 -2.205180921687E-03
1256 -2.908464897152E-03
1257 1.079240021688E+00
1258 1.035601733604E+00
1259 1.102322270251E+00
1260 7.758481358991E-05
1261 -2.169793275968E-03
1262 -4.513797623453E-05
1263 1.531672839404E-03
1264 1.066096044532E+00
1265 5.705378524003E-03
1266 -3.165192140112E-03
1267 -9.066903263897E-04
1268 3.466803076856E-03
1269 1.093117173510E+00
1270 1.004133305703E+00
1271 1.079487645702E+00
1272 2.044792856936E-04
1273 -1.209200758288E-03
1274 2.300895575457E-04
1275 9.945457756538E-01
1276 8.766883832225E-01
1277 9.661735490489E-01
1278 2.758062670262E-05
1279 -3.125192700670E-03
1280 2.502018594481E-03
1281 1.097602888863E+00
1282 1.049883821853E+00
1283 1.103111213258E+00
1284 -4.998120226766E-04
1285 1.173426956047E-03
1286 6.951818264578E-04
1287 9.962170977949E-01
1288 1.178380658421E+00
1289 9.693294921743E-01
1290 -1.381896346275E-03
1291 8.769551612063E-04
1292 -6.308405955884E-04
1293 1.044996262519E+00
1294 1.061277191423E+00
1295 1.046437441304E+00
1296 -2.736302083769E-04
1297 3.130983143352E-04
1298 -4.677404141278E-04
1299 9.863375080849E-01
1300 8.856499226462E-01
1301 9.568338266017E-01
1302 2.347902019661E-03
1303 -5.700437146066E-04
1304 -1.923637393906E-03
1305 1.124205102487E+00
1306 9.781878200649E-01
1307 1.043645889176E+00
1308 2.349540477161E-04
1309 5.696109317327E-09
1310 2.551860362325E-03
1311 9.797927842678E-01
1312 2.758949015729E-01
1313 9.911106844532E-01
1314 -1.874412604104E-03
1315 1.546251588074E-03
1316 -8.229373303024E-07
1317 9.096215356702E-01
1318 3.214590732887E-01
1319 9.096645890131E-01
1320 2.052269883611E-05
1321 1.161382519123E-05
1322 -2.744018464900E-05
1323 8.222036298919E-01
1324 1.461132025193E-01
1325 8.222051518889E-01
1326 7.099590434634E-04
1327 6.725389620418E-03
1328 -5.673735912297E-06
1329 9.198641700241E-01
1330 4.579002138401E-01
1331 9.237177262283E-01
1332 1.802153858971E-05
1333 -2.008431385482E-02
1334 2.092623835800E-03
1335 1.229362847623E+00
1336 4.311389452676E-01
1337 1.142526448683E+00
1338 -4.968436222558E-03
1339 2.334461306051E-02
1340 -9.660836241386E-03
1341 1.020959694900E+00
1342 1.012603986540E+00
1343 9.516345464006E-01
1344 1.667528559849E-05
1345 -3.736236852658E-03
1346 -8.315958767028E-04
1347 1.047304056077E+00
1348 4.968309911451E-01
1349 9.061048396377E-01
1350 -5.997693353073E-03
1351 -1.302361590945E-03
1352 6.117089535341E-05
1353 9.755316948552E-01
1354 1.114030350170E+00
1355 1.050543747572E+00
1356 5.972949502303E-04
1357 1.516258062790E-03
1358 5.870037828237E-04
1359 1.023667592015E+00
1360 1.132144283371E+00
1361 1.023066660180E+00
1362 -2.812365024663E-03
1363 3.579503838937E-04
1364 -4.529876148175E-04
1365 1.013166945452E+00
1366 1.035030541696E+00
1367 1.063290689987E+00
1368 -4.606313957814E-03
1369 2.014173320532E-03
1370 7.164870284443E-03
1371 1.008824925168E+00
1372 1.023512730665E+00
1373 7.773918093634E-01
1374 4.743911236728E-04
1375 3.143553319831E-03
1376 1.498337690003E-04
1377 4.474595439876E-01
1378 3.874222929750E-01
1379 1.002538678841E+00
1380 5.696109317327E-09
1381 5.696109317327E-09
1382 -4.582550570433E-03
1383 9.729306348857E-01
1384 9.803296742296E-01
1385 9.716529880806E-01
1386 -1.086498580504E-03
1387 3.016843705333E-03
1388 3.214799117076E-03
1389 9.570000849873E-01
1390 1.047168235994E+00
1391 6.604046828424E-01
1392 4.901210328250E-04
1393 3.028667822437E-03
1394 -3.039846703350E-05
1395 5.802746786569E-01
1396 6.742411957646E-01
1397 9.830467838365E-01
1398 2.589725198678E-03
1399 -1.667703939213E-02
1400 -1.608224729001E-05
1401 1.011773953774E+00
1402 1.004388875362E+00
1403 1.028505261122E+00
1404 -1.684534604969E-03
1405 -1.144761464048E-02
1406 -2.311007170218E-03
1407 9.252327571259E-01
1408 1.010928014514E+00
1409 9.178591187412E-01
1410 -3.490896636272E-04
1411 2.955139680134E-03
1412 7.552491020074E-04
1413 9.892705649360E-01
1414 6.790322057745E-01
1415 5.731547510917E-01
1416 2.099084305482E-03
1417 4.430589525058E-03
1418 1.415949721081E-03
1419 7.114936343881E-01
1420 1.079914987757E+00
1421 9.804166089019E-01
1422 2.055412404043E-03
1423 -2.086791940370E-02
1424 2.689585998102E-03
1425 1.000229137441E+00
1426 9.811881096622E-01
1427 1.008718416242E+00
1428 -8.704420425195E-05
1429 2.841457961884E-03
1430 6.277320108711E-04
1431 1.029056958270E+00
1432 3.880293732134E-01
1433 4.060912488084E-01
1434 -2.707545457982E-04
1435 -3.348500044792E-03
1436 4.991105218209E-04
1437 1.004471591111E+00
1438 4.279655889817E-01
1439 4.209615180082E-02
1440 6.912992436507E-04
1441 5.696109317327E-09
1442 4.950162942344E-04
1443 9.264213896839E-01
1444 5.265340625325E-01
1445 1.036856176209E+00
1446 5.107596795174E-03
1447 -1.469501754684E-02
1448 5.511721101592E-03
1449 1.063591764301E+00
1450 9.987782043910E-01
1451 1.033717168387E+00
1452 -4.156515339182E-04
1453 1.098967594570E-03
1454 -1.045480645473E-03
1455 1.046337999333E+00
1456 8.884267803384E-01
1457 1.016135999740E+00
1458 2.812579483392E-03
1459 5.696109317327E-09
1460 3.518253322553E-03
1461 1.005692130936E+00
1462 6.366383124801E-01
1463 9.804060875548E-01
1464 1.720171125541E-03
1465 1.403625549393E-04
1466 1.356436877111E-03
1467 6.829250258320E-01
1468 1.098765117734E+00
1469 1.026593494162E+00
1470 -8.351853387097E-03
1471 1.724878766320E-02
1472 1.613736806235E-02
1473 9.686531516520E-01
1474 9.774062417817E-01
1475 1.017584197402E+00
1476 3.327417721724E-02
1477 2.272811953905E-03
1478 -3.009898226618E-04
1479 2.859024305281E-01
1480 8.777100860248E-01
1481 9.775628584535E-01
1482 8.592098773245E-04
1483 -1.627357316136E-05
1484 3.234118753303E-04
1485 9.734399520833E-01
1486 1.147402670189E+00
1487 9.683289333598E-01
1488 -3.736298930005E-03
1489 1.787243518631E-03
1490 -3.276399999338E-03
1491 1.034511078958E+00
1492 1.103002550065E+00
1493 7.737545310437E-01
1494 -9.830077273885E-04
1495 -2.655493349682E-03
1496 1.006317374811E-04
1497 5.696551949307E-01
1498 4.235511834994E-01
1499 1.013333823737E+00
1500 6.372360522119E-04
1501 -2.716052330402E-03
1502 1.011408431406E-03
1503 1.014115156381E+00
1504 1.135601930352E+00
1505 1.016245684278E+00
1506 -9.147693965726E-04
1507 -5.448126193781E-04
1508 -1.531198408284E-03
1509 1.001036263343E+00
1510 6.841582707392E-01
1511 6.077413180604E-01
1512 2.364501016855E-03
1513 1.085917962649E-02
1514 7.907103661888E-04
1515 1.039553230056E+00
1516 9.634390132284E-01
1517 9.923663969032E-01
1518 3.594470300255E-03
1519 1.293939410902E-02
1520 1.586708440995E-03
1521 8.983228121746E-01
1522 1.016397074394E+00
1523 9.251036044315E-01
1524 -2.603894403776E-03
1525 -1.304559607181E-03
1526 6.709056580174E-04
1527 6.082640819080E-01
1528 7.158962305988E-01
1529 1.026762906593E+00
1530 -3.979774986964E-04
1531 -2.300570104307E-03
1532 -5.103316427781E-04
1533 9.917584116375E-01
1534 3.972123275272E-01
1535 5.570649633943E-01
1536 8.918662538898E-05
1537 -6.770122637222E-03
1538 1.655413144924E-03
1539 9.576614633801E-01
1540 1.148979815542E+00
1541 9.577934558730E-01
1542 6.253232614536E-03
1543 7.514005362122E-03
1544 -8.884825731925E-04
1545 1.022005945780E+00
1546 1.027558248824E+00
1547 1.011690951141E+00
1548 -1.695970964587E-04
1549 1.217823804627E-03
1550 3.334581982797E-02
1551 9.849426866628E-01
1552 8.641058540499E-01
1553 2.821246749231E-01
1554 -7.730360988559E-03
1555 3.493567872193E-03
1556 2.173845329682E-03
1557 6.478650626339E-01
1558 1.061456374357E+00
1559 1.040499653885E+00
1560 -1.118462642278E-03
1561 -1.925986827877E-03
1562 1.514771743239E-02
1563 9.710528986200E-01
1564 8.110750883606E-01
1565 1.823016311389E-01
1566 1.225637097202E-02
1567 5.696109317327E-09
1568 5.696109317327E-09
1569 9.819292096175E-01
1570 9.324826338113E-01
1571 9.509601882935E-01
1572 5.696109317327E-09
1573 5.696109317327E-09
1574 -8.994943359183E-03
1575 1.030733698811E+00
1576 7.413514774300E-01
1577 1.047736539831E+00
1578 2.011190627411E-02
1579 1.383666938408E-02
1580 9.134981255487E-03
1581 1.034240749179E+00
1582 1.106511959268E+00
1583 1.003178152988E+00
1584 -1.305236618743E-03
1585 8.869744338742E-04
1586 1.427423597146E-03
1587 2.059432106237E-03
1588 7.591873166285E-01
1589 -2.477873088933E-02
1590 3.614492514132E-04
1591 -3.225017858731E-03
1592 2.602855709945E-04
1593 9.987676473188E-01
1594 9.809006340057E-01
1595 9.908158162882E-01
1596 -9.315990045693E-04
1597 -2.031402496512E-03
1598 -5.349599800792E-05
1599 1.020267248338E+00
1600 1.040380915469E+00
1601 9.693495713324E-01
1602 4.898972303503E-03
1603 -8.248949212082E-04
1604 -3.009340018738E-03
1605 1.065203575576E+00
1606 1.036404010353E+00
1607 1.078236340312E+00
1608 -3.552061348196E-05
1609 -3.740801059738E-06
1610 3.366022760036E-05
1611 1.367511022079E-02
1612 1.028232085731E+00
1613 9.309553078049E-03
1614 -2.636427953742E-03
1615 2.028278482611E-03
1616 2.702780433666E-03
1617 1.089465152757E+00
1618 1.001523696091E+00
1619 1.099361064507E+00
1620 -4.583782812717E-04
1621 1.040382267513E-03
1622 7.798950515215E-04
1623 9.951280460121E-01
1624 1.006127289566E+00
1625 1.003126272586E+00
1626 4.210561976002E-04
1627 3.376776297760E-03
1628 -4.929975799643E-03
1629 9.973721967309E-01
1630 1.035033384072E+00
1631 1.036497318477E+00
1632 1.634796115553E-03
1633 -1.626676924796E-03
1634 -1.807021323818E-03
1635 1.303198956214E-02
1636 8.242523547207E-01
1637 1.627875100013E-02
1638 -5.339144389680E-03
1639 4.682574004246E-03
1640 2.946602289551E-03
1641 1.114513533212E+00
1642 9.154638281042E-01
1643 1.078796087669E+00
1644 4.211300304333E-03
1645 5.696109317327E-09
1646 5.696109317327E-09
1647 1.003284681484E+00
1648 8.055916956713E-01
1649 1.015236896056E+00
1650 2.134356174155E-02
1651 -1.206053148728E-03
1652 3.615935778349E-04
1653 6.035888634526E-02
1654 4.707007264439E-01
1655 9.487681310089E-01
1656 3.304434333098E-03
1657 -3.614336583274E-03
1658 -3.614609004054E-03
1659 1.016318598999E+00
1660 8.458058028313E-01
1661 9.953386800187E-01
1662 -3.196222639627E-03
1663 3.545982790059E-03
1664 6.831123757358E-03
1665 1.010859513942E+00
1666 9.204603360631E-01
1667 1.007524111492E+00
1668 5.406961452764E-04
1669 4.234797487771E-03
1670 -4.854420496786E-05
1671 8.160985582963E-01
1672 4.251039487936E-01
1673 1.022921059450E+00
1674 -5.959429253111E-04
1675 -1.474222001379E-02
1676 -7.858249274293E-04
1677 1.121884439528E+00
1678 6.003395113180E-01
1679 1.082557590856E+00
1680 -1.894960938599E-04
1681 4.556150110068E-03
1682 6.866492569219E-04
1683 1.040728559598E+00
1684 4.459176806760E-01
1685 8.314325389450E-01
1686 4.289333122640E-03
1687 3.142370370198E-03
1688 1.649250557272E-03
1689 8.380690738565E-01
1690 1.055444803850E+00
1691 9.419104928592E-01
1692 -4.424560896073E-03
1693 -1.884379531621E-03
1694 4.632566062288E-03
1695 1.010426099924E+00
1696 7.601840834071E-01
1697 9.142576669948E-01
1698 -8.608803211019E-04
1699 -7.696232920057E-04
1700 2.352614701849E-02
1701 1.014403561550E+00
1702 5.605812548986E-01
1703 1.103808220523E-01
1704 5.696109317327E-09
1705 5.696109317327E-09
1706 -2.428784248968E-03
1707 9.675905984961E-01
1708 6.681979751736E-01
1709 9.760686578480E-01
1710 1.544583392992E-02
1711 -1.173287717677E-03
1712 1.898283437654E-04
1713 7.552369017588E-01
1714 9.214830981351E-01
1715 1.047160628579E+00
1716 -1.067199145801E-05
1717 -3.186915454499E-03
1718 5.363690187710E-04
1719 9.795340007495E-01
1720 7.065224969680E-01
1721 9.630963922301E-01
1722 -8.777800391061E-04
1723 -4.210721333556E-04
1724 -1.013815479191E-03
1725 9.135486337093E-01
1726 4.677246307581E-01
1727 8.344245994078E-01
1728 2.098008370562E-03
1729 1.519128238109E-02
1730 -3.660659453170E-04
1731 1.110062173100E+00
1732 7.833971530237E-01
1733 1.164955755548E+00
1734 -1.185879497175E-04
1735 -8.928963018798E-04
1736 1.781223417571E-02
1737 1.063666927255E+00
1738 8.848745968927E-01
1739 7.702263871654E-01
1740 -3.040095147338E-03
1741 -2.352144510611E-04
1742 5.134596008067E-04
1743 8.194268450162E-01
1744 5.546744632492E-01
1745 9.819991712620E-01
1746 1.715544491155E-03
1747 5.696109317327E-09
1748 5.696109317327E-09
1749 9.500402451146E-01
1750 6.621551445940E-01
1751 1.100344057057E+00
1752 8.023760710149E-06
1753 5.696109317327E-09
1754 2.876818118471E-04
1755 1.033168643664E+00
1756 6.880217155671E-01
1757 9.691385076278E-01
1758 3.889770558417E-03
1759 3.501170874863E-03
1760 1.286254237817E-03
1761 9.030672327784E-01
1762 4.649727777031E-01
1763 9.650940961293E-01
1764 8.205931933307E-06
1765 3.120910754772E-04
1766 -2.448540669095E-05
1767 5.860936581119E-03
1768 6.608695079640E-02
1769 -5.612886685907E-03
1770 -2.182457211569E-03
1771 4.229030745606E-03
1772 -1.498217246525E-03
1773 9.846766617890E-01
1774 4.048955726199E-01
1775 1.000054481426E+00
1776 4.033550916126E-03
1777 5.696109317327E-09
1778 1.769915585445E-03
1779 9.595507779797E-01
1780 7.188296850815E-01
1781 9.764689680232E-01
1782 -2.911270847618E-04
1783 2.858367026916E-03
1784 2.975268661110E-04
1785 5.154716601734E-02
1786 3.948109837141E-01
1787 9.039527510493E-01
1788 4.128326763434E-04
1789 -1.669121755535E-02
1790 1.115304687786E-03
1791 1.103570191304E+00
1792 3.336412725959E-01
1793 1.049848051277E+00
1794 -6.920513464926E-04
1795 2.896767766683E-03
1796 2.601016905158E-03
1797 9.593724146616E-01
1798 4.738505314201E-01
1799 4.884903095853E-02
1800 1.882898292591E-03
1801 5.696109317327E-09
1802 1.845250722271E-04
1803 1.009491375068E+00
1804 3.152823361238E-01
1805 1.041672797457E+00
