0 -2.492982838975E-03
1 4.363970421765E-09
2 8.637349367258E-04
3 1.000004435644E+00
4 2.477350912628E-01
5 9.750069051715E-01
6 -2.750982358152E-04
7 -2.320353881476E-03
8 -1.291080365860E-03
9 1.001271533504E+00
10 3.036847756445E-01
11 4.112943397614E-02
12 -5.342183256292E-04
13 -2.403528866949E-03
14 5.581912016176E-04
15 3.751535009295E-02
16 3.853717156177E-01
17 1.062393257561E+00
18 6.416976119233E-04
19 1.718601773532E-02
20 -1.843966661165E-03
21 9.283899376698E-01
22 2.624305809153E-01
23 9.767079995508E-01
24 -3.955284809838E-03
25 4.363970421765E-09
26 -1.557885236330E-03
27 9.737259182153E-01
28 5.646227686844E-01
29 9.616552995023E-01
30 1.828724059885E-03
31 1.683496900308E-03
32 1.315382971885E-04
33 8.399332857578E-01
34 3.606979865526E-01
35 7.877398169083E-01
36 3.887475047593E-04
37 4.363970421765E-09
38 3.360648547138E-04
39 9.074636874803E-01
40 5.908151167125E-01
41 9.616143098401E-01
42 -2.038168147489E-03
43 1.080807605893E-03
44 -1.162488890155E-03
45 8.837154290630E-01
46 3.255420041677E-01
47 8.577062754174E-01
48 1.727412530248E-05
49 -2.310825994096E-04
50 -6.541443627424E-06
51 -4.011014757067E-03
52 5.127090678123E-02
53 4.175289027356E-03
54 -1.550097754478E-04
55 6.794765657278E-04
56 1.198254440959E-02
57 1.038034653173E+00
58 7.665639143636E-01
59 6.386599902799E-01
60 1.432750936443E-03
61 3.565350668233E-04
62 7.877322427197E-04
63 6.927242492611E-01
64 3.584870280734E-01
65 1.000561247889E+00
66 4.634541138603E-04
67 -1.360412216010E-02
68 -1.895188644492E-03
69 1.083919636784E+00
70 6.408284585652E-01
71 1.027203042699E+00
72 1.352959771973E-02
73 2.037205009960E-03
74 1.057005803146E-04
75 6.516075303353E-01
76 7.335957085029E-01
77 1.056007276069E+00
78 -4.460672203992E-04
79 2.483399173802E-04
80 1.914171138241E-03
81 1.089985151692E+00
82 4.617476456184E-01
83 6.808489914901E-01
84 -5.681418249807E-04
85 4.363970421765E-09
86 4.363970421765E-09
87 9.857494721080E-01
88 5.403733157900E-01
89 9.020399842059E-01
90 -4.490637145041E-04
91 2.388523746876E-03
92 2.744249183298E-05
93 9.580131576957E-01
94 5.714316704494E-01
95 9.790124286598E-01
96 -6.072300009161E-03
97 -2.851154624880E-03
98 3.060557545645E-03
99 8.806171126184E-01
100 8.812872274459E-01
101 1.047352552722E+00
102 1.053272731111E-05
103 -3.594856102973E-03
104 -4.064808905142E-04
105 9.983114060815E-01
106 3.365768798123E-01
107 6.777579044188E-01
108 6.460250369011E-04
109 1.370691491575E-02
110 4.790246126613E-04
111 1.010684776441E+00
112 4.858499090232E-01
113 1.048724175080E+00
114 4.363970421765E-09
115 4.363970421765E-09
116 7.823468883549E-03
117 1.054204399932E+00
118 5.473963585797E-01
119 9.623957802823E-01
120 -1.723235995946E-03
121 -2.453878477105E-03
122 -3.871838132733E-03
123 9.061991833951E-01
124 8.632475060756E-01
125 7.145274313375E-01
126 -5.744167743682E-04
127 -3.994308398469E-03
128 1.446633051338E-04
129 7.053659444558E-01
130 3.611308862168E-01
131 1.007930958684E+00
132 -3.276202344956E-04
133 1.092335603048E-03
134 1.500171816792E-02
135 9.808886287558E-01
136 3.611598093439E-01
137 4.901853946807E-02
138 5.472275394508E-03
139 7.253510102357E-03
140 -5.152228144375E-03
141 1.059756856386E+00
142 7.753207135352E-01
143 1.118450589783E+00
144 -2.560196264335E-04
145 3.141911608374E-03
146 -2.522878626613E-04
147 9.725571586339E-01
148 8.284406813292E-01
149 9.844156186696E-01
150 6.060240723468E-04
151 1.472103002829E-03
152 5.478522071932E-04
153 9.918802367207E-01
154 9.895588298301E-01
155 1.001274737847E+00
156 3.303035231017E-03
157 9.781775332087E-04
158 -4.993081279384E-03
159 9.905755597657E-01
160 1.010515446147E+00
161 9.875777388774E-01
162 -3.105985886745E-04
163 1.074732353473E-04
164 3.160941779663E-04
165 7.998365822348E-03
166 1.011722070867E+00
167 7.405417635188E-03
168 -2.603539260814E-03
169 -1.552652755951E-03
170 2.455177562723E-03
171 1.017240784624E+00
172 9.634476906273E-01
173 1.008802855225E+00
174 1.404420335779E-02
175 1.715076032529E-03
176 7.106339608160E-04
177 8.826577644502E-02
178 4.668217689193E-01
179 1.064873811622E+00
180 5.378210943980E-03
181 1.635433712942E-02
182 -5.128806662122E-03
183 9.408491464910E-01
184 5.854823018846E-01
185 1.050164025548E+00
186 -6.854786660700E-04
187 -4.243632707419E-04
188 4.361257437086E-04
189 1.007265597081E+00
190 8.556574884284E-01
191 9.770990409385E-01
192 4.219661294442E-03
193 -2.973761239320E-03
194 -4.998387106085E-04
195 9.981798058528E-01
196 1.044679801744E+00
197 1.003566472065E+00
198 -1.196662650658E-02
199 4.363970421765E-09
200 4.363970421765E-09
201 1.036515014919E+00
202 5.838999661418E-01
203 1.072798574263E+00
204 1.073537924848E-02
205 1.728689505726E-02
206 2.992500457542E-03
207 9.820915295479E-01
208 9.959464012538E-01
209 9.575702988726E-01
210 -1.174401693918E-03
211 -8.380278535366E-04
212 1.324805350047E-03
213 -2.267067154704E-02
214 6.387438569967E-01
215 3.242010800292E-03
216 1.188678467028E-03
217 1.930523039272E-04
218 7.798154410974E-04
219 4.927472903376E-01
220 5.473833772284E-01
221 9.932071950699E-01
222 -1.111850798441E-04
223 2.168253004038E-03
224 8.443616212767E-04
225 1.049793563617E+00
226 3.473406412105E-01
227 4.602693193753E-01
228 -9.364841686401E-04
229 -1.031887089573E-02
230 -2.359947373998E-03
231 9.983485944826E-01
232 9.477665144925E-01
233 1.035107871607E+00
234 -1.555555893926E-03
235 -1.221643957003E-02
236 -3.511854666016E-03
237 1.003408545439E+00
238 1.064162545057E+00
239 9.677188305004E-01
240 -6.334367006082E-04
241 7.338239181012E-04
242 2.326361076561E-03
243 1.023642892390E+00
244 6.071230329896E-01
245 4.987600064737E-01
246 4.363970421765E-09
247 4.363970421765E-09
248 6.035240661018E-04
249 9.931672618207E-01
250 6.800958626239E-01
251 9.841495421991E-01
252 -5.934318521285E-03
253 1.138533217207E-03
254 8.559606392109E-04
255 1.072761306590E+00
256 8.116784629021E-01
257 1.082411031060E+00
258 1.420826216633E-03
259 1.354319226831E-03
260 -1.323473876077E-03
261 1.503796154621E-02
262 6.925611315497E-01
263 9.269300814219E-03
264 3.754529733321E-04
265 1.852976008273E-03
266 3.252387289310E-04
267 4.501907812137E-01
268 3.148540018367E-01
269 1.022078914224E+00
270 6.244946545244E-04
271 -7.490046070426E-03
272 -5.897877175454E-03
273 1.021902683810E+00
274 1.009522075377E+00
275 1.011678491536E+00
276 1.915841840147E-04
277 -1.745981272914E-03
278 2.562410491193E-02
279 9.866085805773E-01
280 7.335990401760E-01
281 2.244339287984E-01
282 3.868646739140E-03
283 -2.045226724427E-03
284 3.397991426072E-03
285 6.485863541851E-01
286 1.001869134902E+00
287 1.001039608339E+00
288 -9.172851612515E-04
289 2.729656550401E-03
290 -4.799834032018E-04
291 9.898463415231E-01
292 9.906815159592E-01
293 9.913719744250E-01
294 -3.269663057446E-04
295 1.869181545489E-04
296 -7.892439368368E-04
297 9.645599975395E-01
298 1.076806231981E+00
299 9.905379293569E-01
300 -1.949472751511E-03
301 4.363970421765E-09
302 4.363970421765E-09
303 1.015336015847E+00
304 8.221969969319E-01
305 9.821420163717E-01
306 -2.323162183702E-03
307 2.535843475846E-03
308 5.215990388611E-03
309 9.243154857169E-01
310 6.900197119690E-01
311 3.116362034728E-01
312 -8.934291520660E-07
313 -2.481008783221E-03
314 -3.782810264632E-04
315 1.002386180263E+00
316 5.582901060469E-01
317 4.676228061913E-01
318 -3.121553079638E-03
319 -2.636392154941E-03
320 9.877567139827E-04
321 5.346192256894E-01
322 9.763785217573E-01
323 9.946470615204E-01
324 2.820579586167E-04
325 1.652676466988E-02
326 -2.078953512167E-03
327 1.006553896979E+00
328 1.030990080158E+00
329 1.002150236044E+00
330 2.328099899643E-03
331 1.104919514693E-02
332 1.714297949293E-03
333 9.791901653822E-01
334 1.034660163147E+00
335 1.005485827870E+00
336 -6.713864670511E-04
337 -2.407966117540E-03
338 2.938087245915E-04
339 4.621023920941E-01
340 5.712922301330E-01
341 1.006589693484E+00
342 2.556729955344E-02
343 -7.575580217815E-04
344 1.517371235210E-04
345 2.212783907922E-01
346 7.207282719450E-01
347 1.019711225307E+00
348 -1.992251060088E-03
349 -3.427774859433E-03
350 6.453237190704E-03
351 1.050562299483E+00
352 1.008373424757E+00
353 5.263783406387E-01
354 -1.576856004795E-03
355 6.368233558557E-03
356 -5.481049640638E-05
357 9.875307773757E-01
358 1.083298857695E+00
359 9.606721188385E-01
360 -1.250925357515E-03
361 -3.989243405537E-03
362 -1.852629420654E-03
363 9.964240265122E-01
364 9.718857406894E-01
365 5.842156772363E-01
366 -2.231070425049E-03
367 2.060802909861E-02
368 -1.419615364383E-03
369 1.000096069949E+00
370 1.008418882147E+00
371 1.008269663243E+00
372 -6.100329661243E-03
373 -1.580117720164E-03
374 4.118016093209E-03
375 6.495872614518E-01
376 1.056393034710E+00
377 9.887601810184E-01
378 -1.326800750345E-04
379 -2.701822774107E-03
380 -3.622030360269E-04
381 1.008696683624E+00
382 3.110584507090E-01
383 3.601354463248E-01
384 8.112738773912E-04
385 1.436819318099E-02
386 -1.195073443967E-02
387 9.655207997122E-01
388 1.014317572600E+00
389 1.012717993024E+00
390 -2.529470159668E-03
391 4.363970421765E-09
392 -2.835711637101E-03
393 1.022064576579E+00
394 5.183972569174E-01
395 9.761293007311E-01
396 8.044422450243E-04
397 2.954342687896E-03
398 -7.130120835124E-04
399 9.817035473751E-01
400 1.019210567738E+00
401 1.056999500996E+00
402 1.410254686792E-03
403 2.832757385951E-03
404 1.288219717921E-03
405 9.795641027788E-01
406 1.043286352565E+00
407 1.013558849485E+00
408 -1.815687752047E-03
409 4.363970421765E-09
410 6.708516189426E-04
411 9.807932127146E-01
412 3.981047923084E-01
413 9.502785254506E-01
414 -4.546933127295E-04
415 3.225853189274E-03
416 3.260156042943E-05
417 1.019062680611E+00
418 2.737456246269E-01
419 3.433491547714E-02
420 4.687101583176E-04
421 1.123820518464E-03
422 -9.021655394050E-04
423 9.861400715046E-01
424 1.060114990321E+00
425 9.895927810725E-01
426 3.066186545122E-03
427 2.013861121118E-03
428 -4.670366126215E-03
429 1.030731325450E+00
430 1.013263070097E+00
431 1.028629789679E+00
432 1.234066041478E-03
433 1.596201475977E-03
434 -1.288036195241E-03
435 1.032941004142E+00
436 9.850329875325E-01
437 1.034018514827E+00
438 -1.674777908978E-04
439 1.221893948367E-03
440 -9.894479114433E-05
441 1.000048667101E+00
442 7.482499520596E-01
443 1.024184633106E+00
444 -2.458651518481E-03
445 3.159987232920E-03
446 -1.274947403513E-05
447 1.025801293233E+00
448 1.068681964237E+00
449 1.036110926219E+00
450 -2.763919532404E-05
451 1.771257261689E-03
452 1.395166868472E-05
453 3.392198494427E-03
454 1.039139953944E+00
455 1.559662981041E-03
456 -3.425429551961E-03
457 7.438462924857E-04
458 3.045753686737E-03
459 1.030407690777E+00
460 9.840029175859E-01
461 1.026714943347E+00
462 -6.259716112095E-04
463 -9.975225808357E-04
464 4.618399587419E-04
465 9.912477880305E-01
466 1.080120771830E+00
467 9.861563312192E-01
468 4.363970421765E-09
469 4.363970421765E-09
470 1.593322364207E-02
471 9.963667260423E-01
472 8.160029985021E-01
473 9.765339722425E-01
474 -1.272414058777E-03
475 1.540297078269E-04
476 -2.672199295866E-03
477 1.012778192530E+00
478 1.062244998651E+00
479 5.616895379861E-01
480 -5.500480062630E-04
481 -2.433773557364E-03
482 7.034277996985E-05
483 3.230707613525E-01
484 3.186616533304E-01
485 1.026943712734E+00
486 5.850182385126E-04
487 -7.590953065666E-04
488 1.000268221945E-03
489 1.026941643902E+00
490 1.022437391202E+00
491 1.033890905255E+00
492 4.703169065840E-04
493 -3.299171335453E-04
494 2.873677318285E-04
495 9.968456404200E-01
496 7.576521300755E-01
497 1.022194751146E+00
498 1.942336798614E-03
499 6.159642869996E-04
500 -2.513389879938E-03
501 1.012960104430E+00
502 1.007253237780E+00
503 1.048990294852E+00
504 -1.116091777340E-03
505 5.155345656429E-03
506 -8.963363748834E-04
507 1.005782166712E+00
508 1.097867672281E+00
509 1.003512710930E+00
510 2.780858364162E-03
511 2.257715059061E-03
512 -3.273396730007E-03
513 1.016822150785E+00
514 9.594893523510E-01
515 9.803869186201E-01
516 -8.207943303937E-05
517 4.471207383941E-03
518 6.979453921219E-04
519 9.828315194707E-01
520 3.849698950678E-01
521 7.646689926770E-01
522 4.337433933815E-03
523 1.400515611127E-03
524 3.009537935389E-03
525 9.467717335740E-01
526 1.072206850470E+00
527 1.023234838876E+00
528 4.221786110609E-03
529 -1.934018181521E-02
530 4.210817277866E-03
531 9.908474546882E-01
532 9.964271425181E-01
533 1.015651182540E+00
534 1.318939101357E-03
535 2.206032804240E-02
536 -4.311800111862E-03
537 1.123335506766E+00
538 3.627581498065E-01
539 1.162456988774E+00
540 -1.225827334535E-03
541 -6.024377264859E-03
542 5.589163913325E-04
543 8.197963484115E-01
544 4.450472212494E-01
545 1.051146636946E+00
546 -6.630095273903E-04
547 4.363970421765E-09
548 -1.474264795711E-03
549 9.684629824064E-01
550 2.015217461543E-01
551 9.584558226005E-01
552 1.189705854277E-03
553 1.185415109030E-03
554 2.500069182802E-04
555 7.493709264292E-01
556 2.675112516227E-01
557 7.492594189917E-01
558 3.939929300284E-06
559 -1.442935987984E-05
560 8.992321332509E-07
561 7.044085095500E-01
562 1.128302083628E-01
563 7.044100990109E-01
564 7.965836095113E-04
565 1.054317042719E-03
566 1.147659064577E-03
567 4.454828362432E-01
568 8.987128248513E-01
569 1.002085865279E+00
570 -1.088681319541E-04
571 1.964034121849E-03
572 5.635532340042E-04
573 1.034274392119E+00
574 4.159269190170E-01
575 4.104917267428E-01
576 -2.176094834732E-04
577 -1.560206322676E-02
578 -1.929806591669E-03
579 9.950799598975E-01
580 9.724821301732E-01
581 9.903708558730E-01
582 4.032833402338E-03
583 -2.358799438357E-02
584 2.737008561520E-03
585 9.853785423757E-01
586 1.023288065193E+00
587 1.001313860912E+00
588 1.505652028511E-03
589 1.077949128143E-03
590 7.998808853676E-04
591 8.012042231044E-01
592 9.668037956695E-01
593 1.016558932057E+00
594 -2.063616513571E-04
595 1.532407042706E-03
596 1.666458270973E-03
597 1.005293180431E+00
598 9.240720294128E-01
599 4.615049628188E-01
600 2.319003918036E-04
601 2.095379407086E-03
602 9.297807783788E-05
603 3.999382199604E-01
604 3.893598251467E-01
605 1.023458345751E+00
606 2.868303757462E-03
607 2.134644883560E-03
608 7.676870932464E-04
609 1.165073904304E-01
610 7.144389522383E-01
611 1.022481590561E+00
612 8.201371850147E-03
613 3.296407950978E-02
614 -2.228701693119E-02
615 1.004067787570E+00
616 9.506948014345E-01
617 1.012713103961E+00
618 -5.592428738994E-04
619 -1.296450837184E-03
620 -5.297912253220E-04
621 1.003006009706E+00
622 1.135754069001E+00
623 1.002794117942E+00
624 1.731043585773E-04
625 1.528193524732E-04
626 2.127536108914E-03
627 1.061035491067E+00
628 1.078324649056E+00
629 1.015337890179E+00
630 3.837680719299E-03
631 -2.074786042945E-02
632 1.215848550444E-03
633 9.996705796516E-01
634 1.032202765458E+00
635 9.843976595529E-01
636 -1.195443134146E-03
637 2.400500415530E-03
638 3.085122332119E-03
639 1.016793985793E+00
640 1.005947342982E+00
641 8.341158027288E-01
642 -2.337993092001E-04
643 3.583948936295E-03
644 7.880968539588E-04
645 1.004593049819E+00
646 6.555368973314E-01
647 7.628059462054E-01
648 -4.946600547361E-04
649 -2.184887006580E-03
650 -5.389027571731E-04
651 1.018875017436E+00
652 3.910162888374E-01
653 8.063720241910E-01
654 9.101891487376E-04
655 -3.914714292353E-03
656 4.632650324919E-04
657 1.000410043752E+00
658 1.072773285350E+00
659 9.996032044622E-01
660 -3.274021469549E-03
661 1.957646186298E-02
662 -4.846738056444E-03
663 1.015811715773E+00
664 1.019525513280E+00
665 1.001805965119E+00
666 1.018521921147E-03
667 -4.533365034285E-06
668 -1.008894426818E-03
669 7.890135508021E-01
670 5.714412612688E-01
671 7.894545851709E-01
672 2.617436755467E-04
673 -2.518890607718E-05
674 -2.564511203313E-04
675 9.572273523497E-01
676 5.878398321632E-01
677 9.577720255538E-01
678 1.346423665932E-03
679 -2.929322741010E-03
680 4.573225743310E-04
681 3.430109420836E-02
682 2.737937691945E-01
683 1.021730290675E+00
684 1.193990655281E-03
685 -1.788564152929E-02
686 1.379080441289E-03
687 1.162822499161E+00
688 3.623662399216E-01
689 1.124071990997E+00
690 -5.931381159216E-04
691 1.029408777013E-03
692 -5.440002608306E-04
693 1.000066629284E+00
694 1.115968739166E+00
695 9.981380359605E-01
696 -7.546414582928E-04
697 2.538645265259E-03
698 -6.207516199623E-04
699 1.001686054689E+00
700 1.119753215460E+00
701 9.998891024567E-01
702 -5.787326102427E-04
703 8.501667477621E-04
704 -5.201281490539E-04
705 1.000088867548E+00
706 1.185299491185E+00
707 1.001333738962E+00
708 -1.054614202947E-04
709 -2.273391456767E-03
710 -2.496735086446E-04
711 1.007983710830E+00
712 8.663804227981E-01
713 4.120926158361E-01
714 -1.269127536932E-03
715 -2.413762050456E-03
716 9.101385106671E-04
717 4.469897266173E-01
718 9.359063246357E-01
719 1.007078892188E+00
720 -1.537668286838E-03
721 2.206748802025E-02
722 -1.941603364761E-03
723 1.006667568994E+00
724 1.014448292746E+00
725 1.000774829523E+00
726 -3.471847110789E-03
727 2.288866473102E-02
728 -5.134442560329E-03
729 1.004475368383E+00
730 1.000883121866E+00
731 9.962223667636E-01
732 -4.106551004153E-04
733 -3.018303166920E-03
734 -5.530903753249E-04
735 1.000005803847E+00
736 6.631637964581E-01
737 7.661976401118E-01
738 -5.089950065667E-04
739 -2.144877347370E-03
740 2.138835210488E-04
741 4.080551947574E-01
742 8.709949064281E-01
743 1.009054362450E+00
744 2.619055369976E-04
745 -2.816928343102E-03
746 -4.427933573721E-04
747 1.003880016212E+00
748 9.068158019238E-01
749 4.363540433061E-01
750 -2.540477550892E-04
751 4.363970421765E-09
752 8.380513137314E-04
753 9.816210644667E-01
754 5.219909464495E-01
755 9.762240908810E-01
756 -3.247162696843E-04
757 2.138512939675E-03
758 -1.576813839105E-03
759 1.061566681373E+00
760 8.219365639275E-01
761 1.071166589092E+00
762 3.996100774473E-03
763 -1.355164382167E-03
764 3.435991273300E-03
765 9.706822046126E-01
766 1.065465314919E+00
767 1.006048807770E+00
768 5.867755866918E-04
769 4.113564677597E-03
770 1.062034810606E-04
771 7.926822333644E-01
772 6.596771774177E-01
773 1.000588910620E+00
774 4.945565938802E-03
775 -1.530508161373E-02
776 5.602415066364E-04
777 9.928853166374E-01
778 1.002968466232E+00
779 1.005003615172E+00
780 -4.468362230811E-03
781 2.334251034345E-02
782 -4.502318010046E-03
783 9.969587950735E-01
784 9.891356145449E-01
785 1.001705484298E+00
786 -9.424867198435E-04
787 -3.559502182630E-03
788 4.336601746283E-05
789 7.719713029695E-01
790 6.823925438800E-01
791 1.003254569307E+00
792 -1.963793208035E-03
793 -3.340114428289E-03
794 2.657459659923E-04
795 7.740407532035E-01
796 5.870238129917E-01
797 1.032351120817E+00
798 -4.878528420215E-04
799 -1.423898588734E-06
800 4.883982436373E-04
801 6.868093141336E-01
802 5.133972022359E-01
803 6.868323358033E-01
804 3.682062996114E-05
805 -6.630849568658E-06
806 -3.268425577325E-05
807 1.002138221544E+00
808 1.013355885041E+00
809 1.002139951513E+00
810 2.471086065923E-03
811 1.200949423210E-06
812 -2.470999162499E-03
813 1.034717067343E+00
814 1.029308725304E+00
815 1.034681558066E+00
816 -5.616259493647E-04
817 6.150613595381E-03
818 1.991985247278E-03
819 1.053662733332E+00
820 4.446842027742E-01
821 8.198399869527E-01
822 5.390512683044E-04
823 2.172038658540E-03
824 4.958420333318E-04
825 8.053365855045E-01
826 3.908997173901E-01
827 1.018818387298E+00
828 1.072915839896E-03
829 4.363970421765E-09
830 -1.671329062102E-03
831 9.589479077401E-01
832 3.983214668315E-01
833 9.782508438737E-01
834 3.712076109361E-04
835 -1.935009686532E-07
836 -3.712125749487E-04
837 9.935743479603E-01
838 1.183110759800E+00
839 9.935831047367E-01
840 -8.212108107893E-04
841 -4.171764390393E-07
842 8.213314596600E-04
843 1.005790124622E+00
844 1.008771347246E+00
845 1.005789363420E+00
846 9.039387845454E-04
847 4.268411120547E-07
848 -9.039741517040E-04
849 1.025021637848E+00
850 9.769912157168E-01
851 1.025022056804E+00
852 2.642063910607E-06
853 5.059755180818E-07
854 -2.645868008172E-06
855 9.676116040689E-01
856 6.010828811832E-01
857 9.676116198362E-01
858 1.110408002518E-03
859 5.695558214114E-07
860 -1.110495942400E-03
861 1.006332144510E+00
862 9.907329274589E-01
863 1.006332988062E+00
864 3.527426317043E-05
865 7.207379646856E-07
866 -3.550480179733E-05
867 9.899760877787E-01
868 1.049939643410E+00
869 9.899760453552E-01
870 -1.328442660334E-03
871 -2.035209466353E-06
872 1.329442692768E-03
873 9.970450287822E-01
874 1.046419936331E+00
875 9.970487595631E-01
876 9.276323692407E-04
877 5.082192369255E-06
878 -9.271203677858E-04
879 1.001174856004E+00
880 1.044262376367E+00
881 1.001206131004E+00
882 -1.110810303923E-04
883 1.104675917733E-06
884 1.110822671865E-04
885 9.930485492644E-01
886 1.195832406251E+00
887 9.930382183460E-01
888 -2.175793403779E-04
889 -7.391219887287E-08
890 2.175726209694E-04
891 1.024488991456E+00
892 9.935823402912E-01
893 1.024489835886E+00
894 -7.333433200274E-04
895 3.698924009931E-03
896 -9.091879372999E-06
897 7.683769801885E-01
898 3.972354641468E-01
899 1.011155422820E+00
900 -4.662587410110E-04
901 9.686057174347E-04
902 4.362175150100E-03
903 1.019472447544E+00
904 1.056545700617E+00
905 8.548008758260E-01
906 3.172820298857E-04
907 -5.842322530810E-04
908 9.174860181243E-04
909 1.005588427027E+00
910 1.078675117721E+00
911 9.997723256096E-01
912 -4.415482120559E-04
913 -3.849087806697E-03
914 -1.127372176559E-03
915 1.002515436636E+00
916 5.408525721849E-01
917 7.868442597297E-01
918 -4.483560773717E-03
919 2.119125714532E-02
920 -3.934661038283E-03
921 9.901360148070E-01
922 1.009947703795E+00
923 1.021060054861E+00
924 -1.497066238258E-05
925 -2.030955898198E-07
926 1.501397475367E-05
927 9.885528992316E-01
928 1.054939403426E+00
929 9.885528858927E-01
930 1.819684186904E-03
931 -4.317459442547E-07
932 -1.820452213957E-03
933 1.018421054938E+00
934 1.015704670508E+00
935 1.018202676035E+00
936 -1.119625400115E-03
937 -9.910591504518E-06
938 1.118923425874E-03
939 1.003442609698E+00
940 1.084487242489E+00
941 1.003518647405E+00
942 4.843933471639E-03
943 -1.957025670398E-02
944 3.273423912017E-03
945 1.001775854474E+00
946 1.019491356544E+00
947 1.015830088356E+00
948 -2.660405393765E-04
949 3.348263499073E-03
950 1.962933168137E-03
951 1.032543193220E+00
952 5.869405187475E-01
953 7.740221897603E-01
954 6.699296681376E-04
955 -4.045782309363E-03
956 8.398004119458E-05
957 7.635189253226E-01
958 3.849942072514E-01
959 9.832791133108E-01
960 -4.611225130249E-04
961 3.834630868953E-03
962 -8.966789934221E-04
963 9.987057524699E-01
964 1.072716203084E+00
965 1.000382981627E+00
966 -3.006486108987E-03
967 -1.121084528225E-03
968 -2.927136293402E-03
969 1.026023455495E+00
970 1.073755858540E+00
971 9.464202768853E-01
972 -9.101058553187E-04
973 2.414682508628E-03
974 1.269083522355E-03
975 1.007085033320E+00
976 9.359055828702E-01
977 4.469898084213E-01
978 2.496754010410E-04
979 2.273450091030E-03
980 1.054704158270E-04
981 4.120898780609E-01
982 8.663786231935E-01
983 1.007983331319E+00
984 1.941571111364E-03
985 -2.206812165008E-02
986 1.537742696941E-03
987 1.000784098920E+00
988 1.014447993975E+00
989 1.006657627509E+00
990 5.134036189676E-03
991 -2.288807855139E-02
992 3.472407386707E-03
993 9.962337120727E-01
994 1.000882523574E+00
995 1.004458260861E+00
996 -2.138800876096E-04
997 2.144614336824E-03
998 5.090042141557E-04
999 1.009055354519E+00
1000 8.709952740972E-01
1001 4.080561032969E-01
1002 5.542769222228E-04
1003 3.008550447394E-03
1004 4.090551525754E-04
1005 7.661754642956E-01
1006 6.630910485114E-01
1007 1.000095085735E+00
1008 4.427013331499E-04
1009 2.813211559694E-03
1010 -2.619046777669E-04
1011 4.363525435149E-01
1012 9.068095933573E-01
1013 1.003969431352E+00
1014 4.501975868714E-03
1015 -2.334313235085E-02
1016 4.468774371946E-03
1017 1.001663714260E+00
1018 9.891203589426E-01
1019 9.969557468009E-01
1020 -2.271341484208E-03
1021 4.363970421765E-09
1022 3.156075559151E-03
1023 9.910632604025E-01
1024 4.216257852974E-01
1025 9.582390263789E-01
1026 -5.261337184403E-05
1027 -5.832412614097E-03
1028 -1.280675674657E-03
1029 9.929408427971E-01
1030 3.527709075330E-01
1031 7.853733889741E-01
1032 -8.372254996530E-04
1033 -2.357360189080E-03
1034 -1.791614733448E-04
1035 8.073377096856E-01
1036 4.231035345679E-01
1037 1.037995059359E+00
1038 -1.070347833450E-03
1039 3.619797541467E-05
1040 1.056594535755E-03
1041 1.007903385270E+00
1042 1.078646540690E+00
1043 1.007610196826E+00
1044 -1.451390175252E-04
1045 4.150818229131E-04
1046 -1.517870978717E-04
1047 1.005031588488E+00
1048 1.013586358213E+00
1049 1.005064796341E+00
1050 7.936406862062E-04
1051 2.361204591285E-05
1052 -7.950225235583E-04
1053 7.465365527967E-01
1054 5.558687058266E-01
1055 7.457859777776E-01
1056 -4.174385625193E-05
1057 3.571064004186E-03
1058 9.419272136213E-04
1059 1.003156715739E+00
1060 6.824995647210E-01
1061 7.720087313445E-01
1062 1.128404057349E-03
1063 3.860656939255E-03
1064 4.437781810856E-04
1065 7.866931433546E-01
1066 5.406329976814E-01
1067 1.002339929346E+00
1068 -4.210195656698E-03
1069 1.936157417087E-02
1070 -4.200177378351E-03
1071 1.015643539336E+00
1072 9.966013041849E-01
1073 9.909158954610E-01
1074 -7.882076686464E-04
1075 -3.585779687036E-03
1076 2.337950168582E-04
1077 7.627070871033E-01
1078 6.555339676377E-01
1079 1.004593528329E+00
1080 3.432507218646E-04
1081 4.363970421765E-09
1082 -4.532780094367E-04
1083 9.845776645676E-01
1084 5.182608572695E-01
1085 1.022296251106E+00
1086 2.306738086668E-03
1087 -5.243243441422E-04
1088 7.231547281115E-04
1089 1.057063017732E+00
1090 1.019924353801E+00
1091 9.815406160377E-01
1092 5.439329580149E-04
1093 -1.027742205718E-03
1094 5.932929427911E-04
1095 9.981186284105E-01
1096 1.115970848483E+00
1097 1.000063155991E+00
1098 6.209938178047E-04
1099 -2.532615310213E-03
1100 7.545909032782E-04
1101 9.998949299348E-01
1102 1.119743659802E+00
1103 1.001435165415E+00
1104 -1.354708572789E-03
1105 -2.940731871542E-03
1106 -1.379007823402E-03
1107 1.013162308795E+00
1108 1.043791369891E+00
1109 9.791522840079E-01
1110 -5.635539736122E-04
1111 -1.965940322773E-03
1112 1.088678400351E-04
1113 4.104914752345E-01
1114 4.159268245227E-01
1115 1.034269377465E+00
1116 5.201296074436E-04
1117 -8.504177669348E-04
1118 5.787179428873E-04
1119 1.001322891760E+00
1120 1.185300625859E+00
1121 1.000090269737E+00
1122 -1.147633237234E-03
1123 -1.053617851271E-03
1124 -7.965609661444E-04
1125 1.002088813622E+00
1126 8.987109613707E-01
1127 4.454831975560E-01
1128 1.929822094270E-03
1129 1.560181308642E-02
1130 2.176352484046E-04
1131 9.903809940172E-01
1132 9.724813100403E-01
1133 9.950689735194E-01
1134 -2.736851293991E-03
1135 2.358829235200E-02
1136 -4.032675677808E-03
1137 1.001326078036E+00
1138 1.023285865600E+00
1139 9.853737009414E-01
1140 -1.666462472719E-03
1141 -1.531870994901E-03
1142 2.063186124110E-04
1143 4.614958729742E-01
1144 9.240629498907E-01
1145 1.005295694880E+00
1146 -9.297265829371E-05
1147 -2.093472397552E-03
1148 -2.318993959142E-04
1149 1.023464740333E+00
1150 3.893602567326E-01
1151 3.999398767878E-01
1152 -7.997678944757E-04
1153 -1.060074114069E-03
1154 -1.506342778062E-03
1155 1.016639393600E+00
1156 9.668138456239E-01
1157 8.011448454769E-01
1158 -1.215238120621E-03
1159 2.075152801770E-02
1160 -3.837944611250E-03
1161 9.843505651051E-01
1162 1.032210023434E+00
1163 9.997653788178E-01
1164 -1.870341598262E-03
1165 3.231005008531E-03
1166 2.455780690253E-04
1167 3.306540414838E-02
1168 3.485623702536E-01
1169 1.095008335598E+00
1170 1.772296611413E-03
1171 2.234956706600E-02
1172 -2.915764343624E-03
1173 1.067039902476E+00
1174 3.356062609621E-01
1175 1.154808001258E+00
1176 -3.237887695652E-04
1177 -3.660563923057E-05
1178 3.186719529100E-04
1179 9.676622193140E-01
1180 6.045950367269E-01
1181 9.672118852121E-01
1182 1.756849001268E-04
1183 3.273408922874E-06
1184 -1.826842001555E-04
1185 7.665000255810E-01
1186 5.918429386591E-01
1187 7.667849672374E-01
1188 4.230572483338E-03
1189 -2.192630301036E-02
1190 4.787618383575E-03
1191 1.022276822680E+00
1192 1.000342570884E+00
1193 9.931300937546E-01
1194 1.773973800540E-04
1195 2.365366168603E-03
1196 8.392627890793E-04
1197 1.038034318442E+00
1198 4.233848542012E-01
1199 8.073264039095E-01
1200 -3.087972559693E-03
1201 -2.445221955355E-03
1202 1.195749911722E-03
1203 8.341497785595E-01
1204 1.006054126419E+00
1205 1.017440276669E+00
1206 -9.970838769526E-05
1207 -4.102061867239E-03
1208 -5.854694223627E-04
1209 1.000674852368E+00
1210 6.600005788065E-01
1211 7.928790934704E-01
1212 -8.936788654503E-04
1213 4.974203648697E-04
1214 -3.550108409986E-04
1215 9.999222351322E-01
1216 1.080494511308E+00
1217 1.004401863400E+00
1218 3.274566217671E-03
1219 -2.270579898199E-03
1220 -2.765929735078E-03
1221 9.805842942654E-01
1222 9.589529965939E-01
1223 1.016732208370E+00
1224 8.919836090890E-04
1225 -5.217487115373E-03
1226 1.125101574063E-03
1227 1.003180380878E+00
1228 1.098031161685E+00
1229 1.005809994074E+00
1230 1.100419159144E-02
1231 -1.877987795183E-03
1232 2.328202411478E-03
1233 3.112359883460E-01
1234 6.903853198010E-01
1235 9.244825879383E-01
1236 7.519704350245E-03
1237 -7.750051020139E-03
1238 3.265235149997E-03
1239 1.015721943655E+00
1240 1.011987601478E+00
1241 9.667734461341E-01
1242 9.022596624452E-04
1243 -1.120502580957E-03
1244 -4.687197236406E-04
1245 9.895834342389E-01
1246 1.060121351835E+00
1247 9.861752931435E-01
1248 1.287818979005E-03
1249 -1.596143249082E-03
1250 -1.233930444516E-03
1251 1.034016015990E+00
1252 9.850362617760E-01
1253 1.032935578592E+00
1254 4.670296868573E-03
1255 -2.010389948726E-03
1256 -3.066628538771E-03
1257 1.028611894494E+00
1258 1.013262400806E+00
1259 1.030709050597E+00
1260 -1.419743262071E-05
1261 -1.771395207241E-03
1262 2.787906152464E-05
1263 1.557396354673E-03
1264 1.039140138339E+00
1265 3.394471305569E-03
1266 -3.045456487614E-03
1267 -7.470592671115E-04
1268 3.425723350711E-03
1269 1.026731346912E+00
1270 9.840028640062E-01
1271 1.030422341247E+00
1272 9.859611618835E-05
1273 -1.222593295458E-03
1274 1.671030451529E-04
1275 1.024180565654E+00
1276 7.482676383070E-01
1277 1.000044074847E+00
1278 1.185060708951E-05
1279 -3.160405519100E-03
1280 2.459362200264E-03
1281 1.036054608929E+00
1282 1.068864930485E+00
1283 1.025805064069E+00
1284 -4.618913357580E-04
1285 9.893360657206E-04
1286 6.261110443266E-04
1287 9.861189925287E-01
1288 1.080118974969E+00
1289 9.912398493428E-01
1290 -1.000463731839E-03
1291 7.592257309624E-04
1292 -5.848421397000E-04
1293 1.033896485238E+00
1294 1.022431818533E+00
1295 1.026952314425E+00
1296 -2.870318496477E-04
1297 3.329125761799E-04
1298 -4.700118487054E-04
1299 1.022185811587E+00
1300 7.576353881007E-01
1301 9.968372684390E-01
1302 2.514540483066E-03
1303 -6.339225518772E-04
1304 -1.942064388040E-03
1305 1.048620374634E+00
1306 1.007906420393E+00
1307 1.012732668829E+00
1308 1.047918063766E-04
1309 4.363970421765E-09
1310 2.032100450029E-03
1311 9.303205364171E-01
1312 2.164915453871E-01
1313 9.403672852176E-01
1314 -1.471870942855E-03
1315 1.185116676938E-03
1316 3.191002693766E-05
1317 7.962059841122E-01
1318 2.603147388912E-01
1319 7.963145029903E-01
1320 1.381030624343E-05
1321 1.070008944686E-05
1322 -1.861012989229E-05
1323 7.103967654624E-01
1324 1.137692297953E-01
1325 7.103980989179E-01
1326 5.137395541990E-04
1327 5.967855136730E-03
1328 5.594301842676E-05
1329 7.854265485470E-01
1330 3.530557101187E-01
1331 9.950774758002E-01
1332 2.162920160963E-04
1333 -1.820782241777E-02
1334 1.345048441757E-03
1335 1.154955592636E+00
1336 3.359841879445E-01
1337 1.067822186238E+00
1338 -4.337099548708E-03
1339 2.365852706158E-02
1340 -8.593373636920E-03
1341 9.951155680237E-01
1342 1.030590335949E+00
1343 9.805581993583E-01
1344 7.421176730631E-06
1345 -3.265801122782E-03
1346 -6.339304492924E-04
1347 1.012032517867E+00
1348 3.972032074358E-01
1349 7.670747857709E-01
1350 -5.586412979440E-03
1351 -7.199234679830E-04
1352 3.060602499112E-04
1353 8.487336298620E-01
1354 1.050086581659E+00
1355 1.021980056609E+00
1356 5.350382553262E-04
1357 1.428727057352E-03
1358 5.468153664370E-04
1359 1.002820983055E+00
1360 1.135814859823E+00
1361 1.001445790301E+00
1362 -2.342544255778E-03
1363 3.459157138180E-04
1364 -2.352065896090E-04
1365 1.017156384380E+00
1366 1.077261565143E+00
1367 1.057991023207E+00
1368 -4.074500530875E-03
1369 1.781745821179E-03
1370 7.263484415409E-03
1371 9.912600492511E-01
1372 1.053224927304E+00
1373 6.494836911724E-01
1374 3.623916984134E-04
1375 2.698986250509E-03
1376 1.339414746893E-04
1377 3.598076414413E-01
1378 3.110558517421E-01
1379 1.008704669201E+00
1380 4.363970421765E-09
1381 4.363970421765E-09
1382 -3.372959202038E-03
1383 9.918069500068E-01
1384 8.219480654119E-01
1385 1.013832280498E+00
1386 -9.875390351216E-04
1387 2.647875934120E-03
1388 3.120883929288E-03
1389 9.947010390898E-01
1390 9.763564104418E-01
1391 5.346323353533E-01
1392 3.786852149851E-04
1393 2.467031347612E-03
1394 2.455756523489E-06
1395 4.675422156518E-01
1396 5.581868758705E-01
1397 1.002251792340E+00
1398 2.080733157659E-03
1399 -1.652575890219E-02
1400 -2.802900181774E-04
1401 1.002100200643E+00
1402 1.030826508310E+00
1403 1.006586645204E+00
1404 -1.713387524180E-03
1405 -1.104911458805E-02
1406 -2.329110261799E-03
1407 1.005486398124E+00
1408 1.034671368570E+00
1409 9.792010776607E-01
1410 -2.951103880050E-04
1411 2.421627559040E-03
1412 6.703032913687E-04
1413 1.006730821660E+00
1414 5.713665993543E-01
1415 4.621466304232E-01
1416 1.853038048062E-03
1417 3.999288485635E-03
1418 1.250948817452E-03
1419 5.842189404612E-01
1420 9.719033173417E-01
1421 9.964706584410E-01
1422 1.418321466885E-03
1423 -2.060458826913E-02
1424 2.229604173855E-03
1425 1.008272034934E+00
1426 1.008525732976E+00
1427 1.000057913069E+00
1428 -7.168797907731E-05
1429 2.428443528120E-03
1430 5.499458079327E-04
1431 1.027269927470E+00
1432 3.186336594527E-01
1433 3.226095425326E-01
1434 -2.479812195753E-04
1435 -2.934671768736E-03
1436 4.912270267303E-04
1437 1.097710650784E+00
1438 3.484943632959E-01
1439 3.306211812429E-02
1440 3.307484477332E-04
1441 4.363970421765E-09
1442 5.275941986086E-04
1443 9.555958697879E-01
1444 4.214317802094E-01
1445 9.999854893105E-01
1446 4.462922270049E-03
1447 -1.462595813548E-02
1448 4.813750973735E-03
1449 1.068255996626E+00
1450 8.803208256725E-01
1451 1.038971047424E+00
1452 -7.733984665670E-05
1453 7.055710777334E-04
1454 -1.142248609966E-03
1455 1.067822346693E+00
1456 8.242906012639E-01
1457 1.062207355190E+00
1458 2.146499169631E-03
1459 4.363970421765E-09
1460 2.842307230744E-03
1461 9.757859793265E-01
1462 5.226499709644E-01
1463 9.902191027870E-01
1464 1.989360579554E-03
1465 1.615941055450E-04
1466 1.296225981609E-03
1467 5.355445953558E-01
1468 1.065974377817E+00
1469 1.017379566224E+00
1470 -5.762978798534E-03
1471 1.145867729140E-02
1472 1.247087252208E-02
1473 1.016591656484E+00
1474 9.655634780897E-01
1475 1.004253312542E+00
1476 2.555108319147E-02
1477 2.300096567326E-03
1478 -1.917278894066E-04
1479 2.241889617701E-01
1480 7.337841635676E-01
1481 9.860031480782E-01
1482 7.904615810777E-04
1483 -2.274477033352E-04
1484 3.318813774482E-04
1485 9.902930667720E-01
1486 1.076807913802E+00
1487 9.645268763838E-01
1488 -3.306355320852E-03
1489 2.275098573055E-03
1490 -3.082012563007E-03
1491 1.003430452465E+00
1492 1.003152850510E+00
1493 6.480352014618E-01
1494 -8.453014310152E-04
1495 -2.169223442669E-03
1496 1.115721350896E-04
1497 4.602546723451E-01
1498 3.473071916997E-01
1499 1.049786373741E+00
1500 4.807956630317E-04
1501 -2.731096104797E-03
1502 9.168329767109E-04
1503 9.913912153398E-01
1504 9.906890970023E-01
1505 9.897945638349E-01
1506 -7.803476349477E-04
1507 -1.825021610260E-04
1508 -1.188786071931E-03
1509 9.931659092598E-01
1510 5.473064700106E-01
1511 4.926722157597E-01
1512 2.355784064318E-03
1513 1.032187023543E-02
1514 1.014283629294E-03
1515 1.035127406433E+00
1516 9.481390402254E-01
1517 9.984039659795E-01
1518 3.511544164014E-03
1519 1.221579798161E-02
1520 1.556470967082E-03
1521 9.677679184023E-01
1522 1.064133272020E+00
1523 1.003346250966E+00
1524 -2.325859750186E-03
1525 -7.376824567546E-04
1526 6.337209197894E-04
1527 4.986956494614E-01
1528 6.070180392209E-01
1529 1.023859641310E+00
1530 -3.252637787328E-04
1531 -1.852122139930E-03
1532 -3.755183619648E-04
1533 1.022095608966E+00
1534 3.148568747240E-01
1535 4.501648206129E-01
1536 5.011754556349E-05
1537 -6.404033725823E-03
1538 1.575781161555E-03
1539 9.606283696856E-01
1540 1.083337488149E+00
1541 9.873177801946E-01
1542 5.881510899059E-03
1543 7.466147960222E-03
1544 -6.235615258883E-04
1545 1.011792867947E+00
1546 1.009259747661E+00
1547 1.021879595655E+00
1548 -1.196600309218E-04
1549 1.479858852005E-03
1550 2.560847790729E-02
1551 1.020337105428E+00
1552 7.235634970185E-01
1553 2.220227715044E-01
1554 -7.238485663298E-03
1555 3.561115017037E-03
1556 2.026288411191E-03
1557 5.262718015216E-01
1558 1.005795531340E+00
1559 1.052620661824E+00
1560 -9.656990785389E-04
1561 -1.986232133330E-03
1562 1.247503624624E-02
1563 1.023782547838E+00
1564 7.169525372866E-01
1565 1.280490234869E-01
1566 8.743275698793E-03
1567 4.363970421765E-09
1568 4.363970421765E-09
1569 9.722523575249E-01
1570 7.810652305609E-01
1571 1.005180067075E+00
1572 4.363970421765E-09
1573 4.363970421765E-09
1574 -6.539447921593E-03
1575 1.080572280111E+00
1576 5.814532883714E-01
1577 1.040731043389E+00
1578 1.634724118547E-02
1579 1.034740520126E-02
1580 6.809976630636E-03
1581 9.582923318688E-01
1582 9.978936220361E-01
1583 9.824078798520E-01
1584 -1.218975271655E-03
1585 8.358503354209E-04
1586 1.279054785560E-03
1587 3.269572113775E-03
1588 6.386334600995E-01
1589 -2.269465322575E-02
1590 2.527661654299E-04
1591 -3.153650320361E-03
1592 2.579726663918E-04
1593 9.841312767827E-01
1594 8.284370634892E-01
1595 9.725622276714E-01
1596 -5.462303630483E-04
1597 -1.485220385131E-03
1598 -5.940141417864E-04
1599 1.001101427529E+00
1600 9.893593583032E-01
1601 9.917255074905E-01
1602 4.987758645137E-03
1603 -9.601860157849E-04
1604 -3.299359186732E-03
1605 9.874399488522E-01
1606 1.010582789669E+00
1607 9.904203193550E-01
1608 -3.075136689853E-04
1609 -1.099752105553E-04
1610 3.018496249774E-04
1611 7.400235233839E-03
1612 1.011730333513E+00
1613 8.002637266530E-03
1614 -2.460868576554E-03
1615 1.539237146504E-03
1616 2.610276057254E-03
1617 1.008856973184E+00
1618 9.633659639385E-01
1619 1.017265919744E+00
1620 -4.379330608271E-04
1621 4.070516668747E-04
1622 6.860880309759E-04
1623 9.770949303507E-01
1624 8.556374852970E-01
1625 1.006876906775E+00
1626 4.587419991873E-04
1627 2.981545613634E-03
1628 -4.222399269169E-03
1629 1.003492180661E+00
1630 1.044956029246E+00
1631 9.982439954371E-01
1632 1.297230850713E-03
1633 -1.395952979177E-03
1634 -1.432195080907E-03
1635 9.865448163959E-03
1636 6.927471465108E-01
1637 1.443987075159E-02
1638 -3.887364088044E-03
1639 3.784539367125E-03
1640 2.631828021340E-03
1641 1.080387814907E+00
1642 8.083526715272E-01
1643 1.076112853877E+00
1644 3.274639924988E-03
1645 4.363970421765E-09
1646 4.363970421765E-09
1647 9.860335066230E-01
1648 6.811420391588E-01
1649 1.004057489900E+00
1650 1.631391145076E-02
1651 -1.214058879189E-03
1652 3.404472896312E-04
1653 4.892860127691E-02
1654 3.613027239249E-01
1655 9.805922250590E-01
1656 3.450459276578E-03
1657 -4.500297244191E-03
1658 -3.796075041894E-03
1659 1.120456160898E+00
1660 7.736100230039E-01
1661 1.061493194669E+00
1662 -3.033565995161E-03
1663 2.942849300555E-03
1664 6.606817055074E-03
1665 1.048982729420E+00
1666 8.794157115107E-01
1667 8.807663955224E-01
1668 4.066251068443E-04
1669 3.579733478655E-03
1670 -7.159520988564E-06
1671 6.769740198708E-01
1672 3.364476374106E-01
1673 9.982642839052E-01
1674 -4.782757712123E-04
1675 -1.370721378581E-02
1676 -6.468343917439E-04
1677 1.048587565021E+00
1678 4.858505801686E-01
1679 1.010865067054E+00
1680 -1.480196333793E-04
1681 4.004550533146E-03
1682 5.728802509352E-04
1683 1.008204671670E+00
1684 3.612096635863E-01
1685 7.046321426681E-01
1686 3.355212560257E-03
1687 2.585612090970E-03
1688 1.771321208226E-03
1689 7.152219486848E-01
1690 8.645601557243E-01
1691 9.082043685546E-01
1692 -2.937283690871E-03
1693 -3.431512527160E-03
1694 3.080406141903E-03
1695 1.050336116823E+00
1696 5.866145339656E-01
1697 9.410033353415E-01
1698 -7.206352852095E-04
1699 -8.208408845341E-04
1700 1.830072185044E-02
1701 1.064775383679E+00
1702 4.669713521653E-01
1703 8.814570843345E-02
1704 4.363970421765E-09
1705 4.363970421765E-09
1706 -1.679957187064E-03
1707 9.123143156588E-01
1708 5.406276901327E-01
1709 9.825281090018E-01
1710 1.186361899223E-02
1711 -9.306678723829E-04
1712 1.532096853076E-04
1713 6.378846440833E-01
1714 7.665291728410E-01
1715 1.037741747966E+00
1716 -2.859871616308E-05
1717 -2.443766802779E-03
1718 4.515750780280E-04
1719 9.784025922202E-01
1720 5.714572660557E-01
1721 9.574404687109E-01
1722 -7.582215783163E-04
1723 -2.322251138000E-04
1724 -7.266045507498E-04
1725 1.002888040990E+00
1726 3.588284814856E-01
1727 6.930096834676E-01
1728 1.887427491009E-03
1729 1.360043937902E-02
1730 -4.531533702649E-04
1731 1.026653712631E+00
1732 6.407228024923E-01
1733 1.084051175124E+00
1734 -1.111916613231E-04
1735 -7.240869522113E-04
1736 1.368139246448E-02
1737 1.055256907585E+00
1738 7.336193686882E-01
1739 6.500152444756E-01
1740 -2.559608314618E-03
1741 -1.121696137823E-04
1742 4.682312355149E-04
1743 6.810387745714E-01
1744 4.614878054305E-01
1745 1.092095569045E+00
1746 8.017824209276E-04
1747 4.363970421765E-09
1748 4.363970421765E-09
1749 9.590146403726E-01
1750 5.466416072729E-01
1751 1.061550509845E+00
1752 5.260152477782E-05
1753 4.363970421765E-09
1754 4.529491430574E-04
1755 9.706111553548E-01
1756 5.642068508399E-01
1757 9.777473239635E-01
1758 3.099204955338E-03
1759 2.690475008133E-03
1760 9.674120444981E-04
1761 7.881773982110E-01
1762 3.611121128068E-01
1763 8.388782931233E-01
1764 5.455859017458E-06
1765 2.263724389404E-04
1766 -1.627248292348E-05
1767 4.160124939458E-03
1768 5.127085903298E-02
1769 -3.996152501894E-03
1770 -1.646408334781E-03
1771 3.183750245055E-03
1772 -1.185982712187E-03
1773 8.575601372609E-01
1774 3.251296580048E-01
1775 8.847733438147E-01
1776 3.169607870927E-03
1777 4.363970421765E-09
1778 1.342780370974E-03
1779 9.653830968435E-01
1780 5.913969221994E-01
1781 9.161687078702E-01
1782 -2.605327684863E-04
1783 2.670715052410E-03
1784 2.781188723695E-04
1785 4.114933801322E-02
1786 3.035099400914E-01
1787 9.978947210251E-01
1788 4.021430069268E-04
1789 -1.481701295605E-02
1790 7.998616300015E-04
1791 9.765277694713E-01
1792 2.623573692728E-01
1793 9.287985273236E-01
1794 -5.594799269921E-04
1795 2.687451424112E-03
1796 2.089963762119E-03
1797 1.061430551694E+00
1798 3.853869622577E-01
1799 3.872134905500E-02
1800 1.358951797425E-03
1801 4.363970421765E-09
1802 2.691288084541E-04
1803 9.845492726197E-01
1804 2.477421087200E-01
1805 1.010808568694E+00
