0 -2.154852803719E-03
1 3.602171454540E-09
2 7.770020199014E-04
3 9.830271255865E-01
4 2.091129243181E-01
5 9.613064369833E-01
6 -2.649644878985E-04
7 -2.269504221427E-03
8 -1.039098384148E-03
9 1.054675581108E+00
10 2.514223571026E-01
11 3.518559923353E-02
12 -5.119834210849E-04
13 -2.332329124181E-03
14 4.829534244338E-04
15 3.154037024160E-02
16 3.347988484340E-01
17 1.120261726493E+00
18 5.728144278396E-04
19 1.570259375185E-02
20 -1.588573877786E-03
21 8.591818427499E-01
22 2.216516121812E-01
23 9.040441746949E-01
24 -3.440594431503E-03
25 3.602171454540E-09
26 -1.340813167947E-03
27 9.787158860966E-01
28 4.937221667682E-01
29 9.262523733066E-01
30 1.525492927101E-03
31 1.391128586682E-03
32 2.355885505932E-05
33 7.677772942145E-01
34 3.013971422211E-01
35 7.221674634753E-01
36 3.119759090288E-04
37 3.602171454540E-09
38 2.206691294049E-04
39 8.733126910673E-01
40 5.180401850644E-01
41 9.651235012827E-01
42 -1.657974135209E-03
43 9.304029247488E-04
44 -9.823304427851E-04
45 8.178366562096E-01
46 2.798444984393E-01
47 7.849679881082E-01
48 1.206378425120E-05
49 -1.806640199542E-04
50 -4.434593738439E-06
51 -3.083131198845E-03
52 4.279818429124E-02
53 3.199236920376E-03
54 -1.334227477596E-04
55 5.894093055994E-04
56 9.913921335661E-03
57 1.032632603462E+00
58 6.779437119412E-01
59 5.714461637499E-01
60 1.143149607616E-03
61 2.328645820031E-04
62 7.095941684502E-04
63 6.119408539425E-01
64 2.962801971622E-01
65 1.051390155296E+00
66 5.105661744698E-04
67 -1.269336519031E-02
68 -1.772028825722E-03
69 1.037551842202E+00
70 5.592372280431E-01
71 9.795430462761E-01
72 1.119164111563E-02
73 1.712315655015E-03
74 1.028252918683E-04
75 5.829698249493E-01
76 6.471101899506E-01
77 1.051302335530E+00
78 -4.286464934290E-04
79 1.631828961370E-04
80 1.745379865150E-03
81 1.152742911425E+00
82 4.084158459137E-01
83 6.016599388650E-01
84 -6.044524226169E-04
85 3.602171454540E-09
86 3.602171454540E-09
87 9.894082696442E-01
88 4.674984934395E-01
89 8.709385744459E-01
90 -4.012906656730E-04
91 1.973347517234E-03
92 3.826586559736E-05
93 9.549302705942E-01
94 4.941910543595E-01
95 9.784244538247E-01
96 -6.033070294326E-03
97 -2.518235036433E-03
98 2.959540542827E-03
99 8.081350816024E-01
100 8.576709928060E-01
101 1.069115881056E+00
102 -1.387378559246E-05
103 -3.219799202651E-03
104 -3.299049687742E-04
105 9.841644789802E-01
106 2.858644515760E-01
107 5.981282065668E-01
108 5.666747360162E-04
109 1.311511833566E-02
110 4.116420442614E-04
111 9.696865543705E-01
112 4.203809694957E-01
113 1.006817846487E+00
114 3.602171454540E-09
115 3.602171454540E-09
116 6.846979764731E-03
117 1.032420018164E+00
118 4.811984469632E-01
119 9.674873203127E-01
120 -1.808990032357E-03
121 -2.159447433898E-03
122 -3.247383288233E-03
123 8.868650727109E-01
124 7.541882737293E-01
125 6.443195510303E-01
126 -5.092040250015E-04
127 -3.680097189156E-03
128 1.216692658700E-04
129 6.327516754165E-01
130 3.126992767460E-01
131 9.893759489649E-01
132 -3.199414936805E-04
133 1.110988352633E-03
134 1.244214575290E-02
135 9.990856595683E-01
136 2.986327376273E-01
137 4.245756711273E-02
138 5.283999811258E-03
139 7.280962173565E-03
140 -4.947902173492E-03
141 1.097420366467E+00
142 7.337396420852E-01
143 1.177972700505E+00
144 -2.552220585613E-04
145 3.103787667311E-03
146 -1.900465320549E-04
147 9.620923488290E-01
148 7.412574309387E-01
149 9.760667280085E-01
150 9.124582101821E-04
151 1.162839202502E-03
152 3.275802688997E-04
153 1.004679999422E+00
154 9.604267611394E-01
155 9.903757960403E-01
156 3.468425950147E-03
157 1.054928563618E-03
158 -5.043382388702E-03
159 9.404004563148E-01
160 9.957218816651E-01
161 9.431257407569E-01
162 -4.631026115154E-04
163 1.687404386061E-04
164 4.707939282439E-04
165 7.247759676285E-03
166 1.002285600700E+00
167 3.820081379033E-03
168 -2.551397481793E-03
169 -1.273032468183E-03
170 2.355517135633E-03
171 9.702383233075E-01
172 9.416515624190E-01
173 9.626725363147E-01
174 1.141765453550E-02
175 1.582646044326E-03
176 6.339775446270E-04
177 7.552061621920E-02
178 4.133179527443E-01
179 1.093763580223E+00
180 4.802052547759E-03
181 1.499912085197E-02
182 -4.582902822449E-03
183 9.561487774700E-01
184 4.864058720354E-01
185 1.072901293093E+00
186 -6.319730166380E-04
187 -5.889104466934E-05
188 4.249699213409E-04
189 1.009440830262E+00
190 7.695967870741E-01
191 9.667889258999E-01
192 3.815129636332E-03
193 -2.750221858583E-03
194 -5.090894592852E-04
195 9.763567194324E-01
196 1.050312322806E+00
197 1.007056711154E+00
198 -1.016915716627E-02
199 3.602171454540E-09
200 3.602171454540E-09
201 1.032488706588E+00
202 4.921086207169E-01
203 1.101181746258E+00
204 9.047311105586E-03
205 1.450840899549E-02
206 1.823782367035E-03
207 9.702348434633E-01
208 9.339708492285E-01
209 9.141816157024E-01
210 -1.124486943804E-03
211 -8.092104825304E-04
212 1.240116728662E-03
213 -2.149438738604E-02
214 5.697664848576E-01
215 3.950800743781E-03
216 9.928752681719E-04
217 -1.563155577371E-05
218 7.030385493851E-04
219 4.269595417017E-01
220 4.691184972577E-01
221 9.886979709465E-01
222 -1.174932189401E-04
223 1.890341130819E-03
224 7.655597405002E-04
225 1.070652076406E+00
226 3.037364259691E-01
227 3.977027469155E-01
228 -1.087653547539E-03
229 -1.001282571334E-02
230 -2.354823540054E-03
231 1.001773911679E+00
232 9.389887940958E-01
233 1.032603383241E+00
234 -1.538257220410E-03
235 -1.180264271844E-02
236 -3.464419774156E-03
237 1.048124304251E+00
238 1.091464218129E+00
239 1.007466046595E+00
240 -6.121766220703E-04
241 4.093469511133E-04
242 2.167264228339E-03
243 1.022001660635E+00
244 5.448548713322E-01
245 4.360792049523E-01
246 3.602171454540E-09
247 3.602171454540E-09
248 4.660118967487E-04
249 9.864000930104E-01
250 6.090714505054E-01
251 9.732932260872E-01
252 -5.190050877665E-03
253 8.015008738608E-04
254 5.496050717324E-04
255 1.071141921546E+00
256 7.501338097079E-01
257 1.063146442241E+00
258 1.210413964680E-03
259 1.230365355342E-03
260 -1.121967424694E-03
261 1.393537206240E-02
262 6.174223809602E-01
263 7.510359799167E-03
264 2.983686544809E-04
265 1.596462407811E-03
266 2.836574522585E-04
267 3.890527282725E-01
268 2.677587874657E-01
269 1.039416610746E+00
270 4.735998499694E-04
271 -7.457524680687E-03
272 -5.681823980464E-03
273 1.027752852273E+00
274 9.990680651622E-01
275 1.005801824084E+00
276 1.292655453543E-04
277 -1.851538289648E-03
278 2.119436375957E-02
279 9.913999511855E-01
280 6.513463593527E-01
281 1.891003065905E-01
282 3.628513363025E-03
283 -2.369825001773E-03
284 3.122787360346E-03
285 5.766024060637E-01
286 9.447467555242E-01
287 9.833253720417E-01
288 -8.631670547599E-04
289 2.738734711743E-03
290 -3.906030977924E-04
291 9.746940136780E-01
292 9.078106518588E-01
293 9.783966558607E-01
294 -3.330770734277E-04
295 3.149674144883E-04
296 -7.500957463461E-04
297 9.623924771563E-01
298 1.036430563785E+00
299 1.000155316627E+00
300 -1.721775777603E-03
301 3.602171454540E-09
302 3.602171454540E-09
303 1.039550177410E+00
304 7.316118656827E-01
305 9.927082677686E-01
306 -2.097333036270E-03
307 2.434402145276E-03
308 4.165988822841E-03
309 9.082626040979E-01
310 5.978643731047E-01
311 2.670830606291E-01
312 -1.984074026087E-05
313 -2.158461309408E-03
314 -3.146024460109E-04
315 1.013354903100E+00
316 4.919165726105E-01
317 4.031758257724E-01
318 -3.067786005625E-03
319 -2.427550204765E-03
320 9.311433988826E-04
321 4.626988597607E-01
322 9.358845640856E-01
323 1.016213853476E+00
324 4.327551431638E-04
325 1.644032900118E-02
326 -1.788305122999E-03
327 9.940000761650E-01
328 1.046129303099E+00
329 9.966116353703E-01
330 2.338481478980E-03
331 1.082128340142E-02
332 1.730827199709E-03
333 1.014230804316E+00
334 1.048239293085E+00
335 1.051413612752E+00
336 -6.226943251338E-04
337 -2.104319924320E-03
338 2.630708867656E-04
339 3.985971919178E-01
340 5.097259301463E-01
341 1.016590155299E+00
342 2.114559860384E-02
343 -9.986087749192E-04
344 1.126166606599E-04
345 1.871148896897E-01
346 6.412057073604E-01
347 1.038445942504E+00
348 -1.916747566720E-03
349 -3.483797591259E-03
350 6.303357598212E-03
351 1.057576731168E+00
352 9.765230733179E-01
353 4.567870681538E-01
354 -1.531022757253E-03
355 6.164955524358E-03
356 -3.126006845184E-05
357 1.004386055323E+00
358 1.045772207136E+00
359 9.623467856956E-01
360 -1.156585524595E-03
361 -3.744368184469E-03
362 -1.711958790570E-03
363 1.005615632850E+00
364 9.101165178638E-01
365 5.114337808263E-01
366 -1.967700168212E-03
367 2.045718312137E-02
368 -1.055022798361E-03
369 9.951436993433E-01
370 1.024021552344E+00
371 1.012865014834E+00
372 -6.350345796301E-03
373 -1.478282408780E-03
374 3.805293188490E-03
375 5.764958489830E-01
376 1.073392644329E+00
377 9.787579687271E-01
378 -1.239908616588E-04
379 -2.447190113549E-03
380 -2.982268856380E-04
381 1.012230560162E+00
382 2.673866624890E-01
383 3.099613664750E-01
384 2.833561849053E-04
385 1.381271912058E-02
386 -1.157238180113E-02
387 9.558339141902E-01
388 1.042768500045E+00
389 1.031174886980E+00
390 -2.162454998760E-03
391 3.602171454540E-09
392 -2.475891620706E-03
393 1.024199175130E+00
394 4.528726383756E-01
395 9.888783771461E-01
396 6.197591290747E-04
397 2.943477715392E-03
398 -1.039015487527E-03
399 9.727443976862E-01
400 9.439014034145E-01
401 1.046080048969E+00
402 1.461326997190E-03
403 2.670709380213E-03
404 1.388886120114E-03
405 9.915429786979E-01
406 1.052123110651E+00
407 1.025806783675E+00
408 -1.606376569612E-03
409 3.602171454540E-09
410 6.217850679450E-04
411 9.956946037078E-01
412 3.388912741768E-01
413 9.311114604035E-01
414 -3.993421612520E-04
415 2.944657847354E-03
416 6.582716854986E-05
417 1.068980277079E+00
418 2.240546859768E-01
419 2.883085106614E-02
420 4.436270973274E-04
421 1.133360588536E-03
422 -8.347613674498E-04
423 9.785240783479E-01
424 9.998564899011E-01
425 1.002932174664E+00
426 3.156630612198E-03
427 1.902497057114E-03
428 -4.679893101629E-03
429 9.897857439982E-01
430 1.000486222264E+00
431 9.996810415120E-01
432 1.296012906259E-03
433 1.571841012348E-03
434 -1.209483654067E-03
435 1.026212653889E+00
436 9.614512013331E-01
437 1.029578785833E+00
438 -1.313163733678E-04
439 1.229621386392E-03
440 -3.826860010483E-05
441 1.019420440630E+00
442 6.748173226952E-01
443 1.041134336335E+00
444 -2.434365039221E-03
445 3.180477269512E-03
446 -3.527358540970E-06
447 9.816101689835E-01
448 1.079552028666E+00
449 1.000907522051E+00
450 -6.938816216244E-05
451 1.543471570443E-03
452 6.643131547108E-05
453 2.069681546627E-03
454 1.023724865420E+00
455 1.575367546337E-03
456 -3.401952839769E-03
457 6.525127322189E-04
458 2.977277924186E-03
459 1.002344968883E+00
460 9.724931887095E-01
461 9.887463609388E-01
462 -5.864956962179E-04
463 -8.910755390914E-04
464 4.401591992581E-04
465 1.003772323556E+00
466 1.023927804776E+00
467 9.804035771127E-01
468 3.602171454540E-09
469 3.602171454540E-09
470 1.365348559701E-02
471 1.030227573144E+00
472 7.320239119941E-01
473 9.685535096965E-01
474 -1.263772443997E-03
475 4.067546620728E-05
476 -2.704105852404E-03
477 1.007893817728E+00
478 1.045910169788E+00
479 4.776113315278E-01
480 -5.055009254691E-04
481 -2.194514943506E-03
482 6.199914310892E-05
483 2.750778925169E-01
484 2.789698156044E-01
485 1.026117146443E+00
486 5.586416653904E-04
487 -6.918087465347E-04
488 7.822227162221E-04
489 1.015802137747E+00
490 1.000218923072E+00
491 1.027546758779E+00
492 4.715211704443E-04
493 -3.423512139467E-04
494 2.949420769403E-04
495 1.019722449254E+00
496 6.844394027960E-01
497 1.042695178161E+00
498 1.953994081977E-03
499 6.545389977015E-04
500 -2.610018881636E-03
501 9.955919964916E-01
502 1.024590346379E+00
503 1.005286367606E+00
504 -1.054819111315E-03
505 5.241109563278E-03
506 -8.254258555031E-04
507 9.911010362725E-01
508 1.079996622821E+00
509 9.947509897940E-01
510 3.114213310595E-03
511 2.249088450032E-03
512 -3.222869077677E-03
513 1.043239451941E+00
514 9.888081338783E-01
515 9.891488645586E-01
516 -6.395021041778E-05
517 3.984666344131E-03
518 5.818646745256E-04
519 9.596779106847E-01
520 3.285503578048E-01
521 6.870332787167E-01
522 4.072437743687E-03
523 1.078969424026E-03
524 2.734237531587E-03
525 8.841828261964E-01
526 1.027560120557E+00
527 9.993400622177E-01
528 4.230076286585E-03
529 -1.939574871550E-02
530 4.253411590848E-03
531 9.761134562073E-01
532 9.917313969321E-01
533 1.011749984246E+00
534 1.228982944543E-03
535 2.034099575528E-02
536 -3.821942441370E-03
537 1.083144326919E+00
538 3.120447315482E-01
539 1.115943102146E+00
540 -1.119885767601E-03
541 -5.559582266230E-03
542 5.055293705599E-04
543 7.392498787684E-01
544 3.904395093782E-01
545 1.097702984881E+00
546 -5.804925310329E-04
547 3.602171454540E-09
548 -1.185087796556E-03
549 9.348605589532E-01
550 1.691191924461E-01
551 9.255845753402E-01
552 9.822520421808E-04
553 9.797307794129E-04
554 2.085406297349E-04
555 6.876476043950E-01
556 2.206587001045E-01
557 6.875568947978E-01
558 2.980113862379E-06
559 -1.293972292479E-05
560 6.370301192710E-07
561 6.419337512719E-01
562 9.454174982887E-02
563 6.419351673783E-01
564 7.261184085491E-04
565 7.422510051975E-04
566 9.984074409580E-04
567 3.817128146644E-01
568 8.416203239287E-01
569 1.003827225879E+00
570 -1.061547052014E-04
571 1.666230831142E-03
572 5.036525018399E-04
573 1.037503798442E+00
574 3.653538049337E-01
575 3.536817202578E-01
576 -3.365824358272E-04
577 -1.507068609856E-02
578 -1.888626667612E-03
579 9.802163786088E-01
580 9.754177354286E-01
581 9.728965456584E-01
582 3.671107166458E-03
583 -2.342245221059E-02
584 2.496958258652E-03
585 9.910773781449E-01
586 1.010757781544E+00
587 1.014620351957E+00
588 1.457850494543E-03
589 7.635909721437E-04
590 7.583443134576E-04
591 7.224251818596E-01
592 9.187431858631E-01
593 1.003657798512E+00
594 -2.350700747359E-04
595 1.207773284224E-03
596 1.592061295942E-03
597 1.006124944841E+00
598 8.749090068165E-01
599 3.982341952116E-01
600 1.911024974096E-04
601 1.779492672690E-03
602 8.386826015178E-05
603 3.439857012521E-01
604 3.388850983636E-01
605 1.025117068006E+00
606 1.758499810587E-03
607 2.111408557610E-03
608 7.100747072095E-04
609 8.598911405883E-02
610 6.598328745802E-01
611 1.051159769476E+00
612 5.806792190494E-03
613 3.008523004797E-02
614 -1.981165969043E-02
615 9.953991160680E-01
616 9.686750333869E-01
617 1.039014975483E+00
618 -5.353721157897E-04
619 -1.248406946272E-03
620 -4.931149661243E-04
621 9.899122347540E-01
622 1.137624665197E+00
623 9.911381292659E-01
624 5.940670485246E-05
625 1.560879780184E-04
626 1.921835946568E-03
627 1.057885621483E+00
628 1.103701001421E+00
629 1.020616935895E+00
630 3.558913214869E-03
631 -2.069033919077E-02
632 1.026432292534E-03
633 1.018830110724E+00
634 1.022643632653E+00
635 9.884270141659E-01
636 -1.111385796298E-03
637 2.136831036376E-03
638 3.018325384834E-03
639 1.002772833977E+00
640 9.729554590202E-01
641 7.584738509644E-01
642 -2.100219698827E-04
643 3.229852037860E-03
644 7.291123146920E-04
645 1.026667393748E+00
646 5.915595848775E-01
647 6.837435064623E-01
648 -4.035844153082E-04
649 -2.077462732426E-03
650 -4.530206901761E-04
651 1.014611987153E+00
652 3.361703078375E-01
653 7.402601687472E-01
654 8.320091703222E-04
655 -3.736758503202E-03
656 5.168013286875E-04
657 9.939793192404E-01
658 1.021715530967E+00
659 9.911388422111E-01
660 -3.356466765536E-03
661 1.883609642491E-02
662 -4.923548545773E-03
663 9.958208937891E-01
664 1.001778427719E+00
665 1.008809378425E+00
666 9.279160604409E-04
667 -4.808102943782E-06
668 -9.208471161931E-04
669 7.255885008612E-01
670 4.969007414534E-01
671 7.260692755734E-01
672 2.270387789398E-04
673 -2.031559306124E-05
674 -2.229080316661E-04
675 9.416668112313E-01
676 5.090812475435E-01
677 9.423059460483E-01
678 1.073397063171E-03
679 -2.696173451553E-03
680 4.010723901122E-04
681 2.880122642929E-02
682 2.240743675852E-01
683 1.071259256412E+00
684 1.244322645843E-03
685 -1.689093572564E-02
686 1.001054087072E-03
687 1.116228759697E+00
688 3.117228448806E-01
689 1.083946391536E+00
690 -5.788853449641E-04
691 1.071368859728E-03
692 -5.080844573964E-04
693 9.924558612828E-01
694 1.075359697316E+00
695 9.909483750925E-01
696 -6.921113430216E-04
697 2.559423706060E-03
698 -5.974725325411E-04
699 9.903156255234E-01
700 1.079548528680E+00
701 9.923016269675E-01
702 -5.628432855149E-04
703 8.358043336238E-04
704 -5.033966411390E-04
705 1.001411738652E+00
706 1.197491751252E+00
707 1.000708211690E+00
708 -1.000340346307E-04
709 -1.971354326916E-03
710 -2.281974997028E-04
711 1.003726992131E+00
712 8.209768597980E-01
713 3.530479135698E-01
714 -1.193342035949E-03
715 -2.103388719388E-03
716 8.007500105074E-04
717 3.854349297177E-01
718 8.923031449778E-01
719 1.013636787334E+00
720 -1.262884240866E-03
721 2.109195068539E-02
722 -1.637496530503E-03
723 1.003389765264E+00
724 1.028717555330E+00
725 1.000089968429E+00
726 -3.527120267327E-03
727 2.262078147731E-02
728 -5.090300866268E-03
729 1.024182045022E+00
730 9.781682629050E-01
731 1.018709398547E+00
732 -3.692919393655E-04
733 -2.698597376254E-03
734 -4.814964594227E-04
735 1.020809675152E+00
736 5.943504345409E-01
737 6.902468320388E-01
738 -4.855088449278E-04
739 -1.843306096478E-03
740 1.930010254418E-04
741 3.495131128205E-01
742 8.282786155455E-01
743 1.004294768304E+00
744 1.960395910084E-04
745 -2.469159947482E-03
746 -4.126735974319E-04
747 1.012776687525E+00
748 8.589626343337E-01
749 3.757022503958E-01
750 -3.234216967384E-04
751 3.602171454540E-09
752 7.013183398516E-04
753 9.864440984224E-01
754 4.570027505550E-01
755 9.590639888593E-01
756 -1.228811624151E-05
757 1.963705671866E-03
758 -1.496889180619E-03
759 1.091505079525E+00
760 7.842078331530E-01
761 1.082230004544E+00
762 3.770265869160E-03
763 -1.530369497271E-03
764 3.344236018008E-03
765 9.873743062913E-01
766 1.079237853034E+00
767 1.023210346201E+00
768 5.240948480251E-04
769 3.740964889422E-03
770 1.266033723768E-04
771 7.141681826117E-01
772 5.938449307436E-01
773 1.020926232385E+00
774 4.957136673627E-03
775 -1.553582201845E-02
776 8.495550547468E-04
777 1.005535724612E+00
778 1.005773484548E+00
779 9.878506759539E-01
780 -4.476266601436E-03
781 2.314038020637E-02
782 -4.456994946186E-03
783 1.019289573314E+00
784 9.687914683498E-01
785 1.021701029243E+00
786 -8.697882596906E-04
787 -3.197178626086E-03
788 5.413939172542E-05
789 6.942950949037E-01
790 6.176348264626E-01
791 1.024999252131E+00
792 -1.821843046863E-03
793 -3.011272808799E-03
794 2.564236317510E-04
795 6.933168525284E-01
796 5.251765815691E-01
797 1.038621224548E+00
798 -4.171037059312E-04
799 -1.246099865782E-06
800 4.176026076263E-04
801 6.092519818119E-01
802 4.431430333492E-01
803 6.092881619152E-01
804 2.697884284282E-05
805 -6.883888465732E-06
806 -2.216100098490E-05
807 9.725399359445E-01
808 1.027256235664E+00
809 9.725414561592E-01
810 2.447554936890E-03
811 9.944647468362E-07
812 -2.447467406110E-03
813 1.008552815203E+00
814 1.057471695950E+00
815 1.008534954212E+00
816 -5.076812891968E-04
817 5.669367838940E-03
818 1.755054587768E-03
819 1.100540970506E+00
820 3.901345097911E-01
821 7.393412038111E-01
822 4.532975586454E-04
823 2.065672559904E-03
824 4.040056084685E-04
825 7.393554139870E-01
826 3.360687835001E-01
827 1.014620276879E+00
828 8.189377843521E-04
829 3.602171454540E-09
830 -1.274439626643E-03
831 9.394542919865E-01
832 3.390544132567E-01
833 9.932406100663E-01
834 3.354177677236E-04
835 -1.433164992332E-07
836 -3.354225408922E-04
837 9.958046750981E-01
838 1.202631826700E+00
839 9.958022716773E-01
840 -8.022411467490E-04
841 -4.141428575359E-07
842 8.023594464170E-04
843 9.554134109904E-01
844 1.016819903487E+00
845 9.554153129112E-01
846 9.632870913980E-04
847 4.462697290023E-07
848 -9.633262078375E-04
849 1.008325382849E+00
850 9.742931646049E-01
851 1.008328454359E+00
852 4.118036523990E-07
853 4.825256203685E-07
854 -4.171597806072E-07
855 9.137762764729E-01
856 5.323093539344E-01
857 9.137762932798E-01
858 1.105463536426E-03
859 5.786404195774E-07
860 -1.105553698678E-03
861 9.583319751695E-01
862 1.000873702378E+00
863 9.583320161441E-01
864 2.578612952925E-05
865 6.283844486022E-07
866 -2.601774766960E-05
867 1.003929547845E+00
868 1.046167545587E+00
869 1.003929527649E+00
870 -1.343923251247E-03
871 -1.910072163779E-06
872 1.344935115808E-03
873 9.447932280202E-01
874 1.062455807018E+00
875 9.448287551067E-01
876 8.554986832031E-04
877 4.493083914336E-06
878 -8.550256545630E-04
879 9.938667443432E-01
880 9.714826874636E-01
881 9.938923744570E-01
882 -9.924070806869E-05
883 3.444340250837E-07
884 9.923405790200E-05
885 9.960029809061E-01
886 1.215365739464E+00
887 9.960355351495E-01
888 -2.554787007243E-04
889 -9.255170415564E-08
890 2.554687558404E-04
891 1.008389656697E+00
892 9.923277601469E-01
893 1.008393907382E+00
894 -6.103248146063E-04
895 3.354621611826E-03
896 -3.223550600070E-06
897 6.885675901594E-01
898 3.402537149591E-01
899 9.911150713141E-01
900 -5.893232017619E-04
901 5.950113394076E-04
902 4.356071533284E-03
903 1.003602464382E+00
904 1.023119434575E+00
905 7.823182862254E-01
906 3.527405158743E-04
907 -5.581114409117E-04
908 8.716253338190E-04
909 9.894818314247E-01
910 1.028564582133E+00
911 9.934600999589E-01
912 -4.279303380322E-04
913 -3.512169569152E-03
914 -9.660559808243E-04
915 1.004546700492E+00
916 4.697562402153E-01
917 7.104152207446E-01
918 -4.579498719226E-03
919 2.030254878437E-02
920 -3.989913186404E-03
921 9.926789274213E-01
922 9.959310512255E-01
923 1.004038768591E+00
924 -1.441447061219E-05
925 -3.367129518105E-07
926 1.447488623890E-05
927 1.001856150837E+00
928 1.053188624079E+00
929 1.001856143049E+00
930 1.870021977257E-03
931 3.144173545108E-07
932 -1.870840776598E-03
933 9.796205044583E-01
934 1.039584087219E+00
935 9.794076052663E-01
936 -1.055019331778E-03
937 -8.868526885282E-06
938 1.054346297342E-03
939 9.968540089849E-01
940 1.019435169323E+00
941 9.968746893590E-01
942 4.920283228288E-03
943 -1.882941118463E-02
944 3.355421837255E-03
945 1.008780225532E+00
946 1.001725301967E+00
947 9.958416803344E-01
948 -2.566666938077E-04
949 3.017713136342E-03
950 1.821074501410E-03
951 1.038835206576E+00
952 5.251029421052E-01
953 6.933141463552E-01
954 5.497102982898E-04
955 -3.631187877861E-03
956 6.514150341967E-05
957 6.860106875898E-01
958 3.285703595807E-01
959 9.600564156157E-01
960 -5.151848884131E-04
961 3.670203893360E-03
962 -8.219899179606E-04
963 9.902888506299E-01
964 1.021674635152E+00
965 9.939465417413E-01
966 -2.732558790275E-03
967 -8.404551710303E-04
968 -2.904074646964E-03
969 1.002009878821E+00
970 1.029066171806E+00
971 8.838553023595E-01
972 -8.007162720350E-04
973 2.104070262391E-03
974 1.193304369431E-03
975 1.013641596784E+00
976 8.923029393566E-01
977 3.854348796652E-01
978 2.281988786535E-04
979 1.971422085099E-03
980 1.000432536246E-04
981 3.530453920700E-01
982 8.209750464444E-01
983 1.003728186167E+00
984 1.637465418023E-03
985 -2.109257481432E-02
986 1.262967405972E-03
987 1.000100555929E+00
988 1.028717346638E+00
989 1.003379378029E+00
990 5.089907336344E-03
991 -2.262026122272E-02
992 3.527676172317E-03
993 1.018724963974E+00
994 9.781677335945E-01
995 1.024157659961E+00
996 -1.929979015583E-04
997 1.843362374020E-03
998 4.855189449436E-04
999 1.004305615118E+00
1000 8.282792855366E-01
1001 3.495134935717E-01
1002 4.825644893953E-04
1003 2.689884798829E-03
1004 3.678255940969E-04
1005 6.902565287456E-01
1006 5.942793347406E-01
1007 1.020841430666E+00
1008 4.126227654031E-04
1009 2.466887276173E-03
1010 -1.960395158699E-04
1011 3.756990289159E-01
1012 8.589585849861E-01
1013 1.012705112349E+00
1014 4.456587924126E-03
1015 -2.314113271304E-02
1016 4.476624778566E-03
1017 1.021689871501E+00
1018 9.687857568937E-01
1019 1.019275275262E+00
1020 -1.986915362427E-03
1021 3.602171454540E-09
1022 2.756099705735E-03
1023 9.703434493955E-01
1024 3.614723967959E-01
1025 9.747933213859E-01
1026 -8.854348492237E-05
1027 -5.417393672594E-03
1028 -1.037507225250E-03
1029 1.033576715274E+00
1030 2.928669444129E-01
1031 7.085438007955E-01
1032 -7.341782893435E-04
1033 -2.138490233317E-03
1034 -1.220887270707E-04
1035 7.346526995190E-01
1036 3.682953773373E-01
1037 1.034557498571E+00
1038 -1.054280482637E-03
1039 4.098442839010E-05
1040 1.046040329506E-03
1041 9.767474052205E-01
1042 1.120297297933E+00
1043 9.773705488437E-01
1044 -9.104652413525E-05
1045 4.086505376346E-04
1046 -9.853689405927E-05
1047 9.726234543416E-01
1048 1.023220834912E+00
1049 9.726482875402E-01
1050 6.946146143289E-04
1051 2.296337294714E-05
1052 -6.953979897062E-04
1053 6.663363230061E-01
1054 4.845754606311E-01
1055 6.654255613731E-01
1056 -5.264480376275E-05
1057 3.207456773013E-03
1058 8.692894122137E-04
1059 1.024963724463E+00
1060 6.177430632660E-01
1061 6.942965314411E-01
1062 9.653764663978E-04
1063 3.521706365492E-03
1064 4.304526939396E-04
1065 7.103273648386E-01
1066 4.694453271662E-01
1067 1.004286731083E+00
1068 -4.253682938273E-03
1069 1.941263595036E-02
1070 -4.213449164604E-03
1071 1.011750098468E+00
1072 9.918973286095E-01
1073 9.761971926846E-01
1074 -7.291783836529E-04
1075 -3.231284973731E-03
1076 2.100126027582E-04
1077 6.836535356930E-01
1078 5.915566419942E-01
1079 1.026673974812E+00
1080 4.071689674953E-04
1081 3.602171454540E-09
1082 -3.033481805471E-04
1083 9.974531615231E-01
1084 4.527669092673E-01
1085 1.024492914372E+00
1086 2.359080577858E-03
1087 -9.348037723807E-04
1088 6.447119244053E-04
1089 1.046116898940E+00
1090 9.445588259799E-01
1091 9.725646695835E-01
1092 5.080165503059E-04
1093 -1.069316888848E-03
1094 5.790033432294E-04
1095 9.909274543389E-01
1096 1.075361459661E+00
1097 9.924061196302E-01
1098 5.976861727077E-04
1099 -2.554885987349E-03
1100 6.920351667899E-04
1101 9.923571315774E-01
1102 1.079543084551E+00
1103 9.904018128018E-01
1104 -1.434934233276E-03
1105 -2.758748571794E-03
1106 -1.441678765155E-03
1107 1.025408847361E+00
1108 1.052542274006E+00
1109 9.911325531363E-01
1110 -5.036529280300E-04
1111 -1.667804356875E-03
1112 1.061545405230E-04
1113 3.536814817056E-01
1114 3.653537652062E-01
1115 1.037499034295E+00
1116 5.033994981846E-04
1117 -8.361182832803E-04
1118 5.628302408356E-04
1119 1.000709434262E+00
1120 1.197492790682E+00
1121 1.001410921507E+00
1122 -9.983785886825E-04
1123 -7.416993217352E-04
1124 -7.260952132385E-04
1125 1.003827031040E+00
1126 8.416189308741E-01
1127 3.817127275363E-01
1128 1.888637936682E-03
1129 1.507043852522E-02
1130 3.366083876913E-04
1131 9.729066482603E-01
1132 9.754156788055E-01
1133 9.802049716853E-01
1134 -2.496878538740E-03
1135 2.342261721181E-02
1136 -3.670985816890E-03
1137 1.014629999520E+00
1138 1.010754662267E+00
1139 9.910758161847E-01
1140 -1.592063571989E-03
1141 -1.207311163469E-03
1142 2.350343488748E-04
1143 3.982257480176E-01
1144 8.748991161603E-01
1145 1.006124219706E+00
1146 -8.386579990854E-05
1147 -1.777920147653E-03
1148 -1.911029497919E-04
1149 1.025122789834E+00
1150 3.388853400106E-01
1151 3.439860997655E-01
1152 -7.582801966454E-04
1153 -7.491107146407E-04
1154 -1.458434296153E-03
1155 1.003741316003E+00
1156 9.187556759636E-01
1157 7.223675705167E-01
1158 -1.025902196664E-03
1159 2.069291757719E-02
1160 -3.559251843013E-03
1161 9.884119878264E-01
1162 1.022691884679E+00
1163 1.018942597817E+00
1164 -1.626084472216E-03
1165 2.946303629105E-03
1166 2.334146363913E-04
1167 2.789866905437E-02
1168 3.030863892445E-01
1169 1.148724813730E+00
1170 1.659741335654E-03
1171 2.055386546795E-02
1172 -2.561113968785E-03
1173 1.024312349401E+00
1174 2.812574284427E-01
1175 1.112287664212E+00
1176 -2.825052703084E-04
1177 -2.935879496262E-05
1178 2.786603116014E-04
1179 9.545349758674E-01
1180 5.244798603510E-01
1181 9.539569076297E-01
1182 1.819490350330E-04
1183 3.827496124234E-06
1184 -1.864181099258E-04
1185 7.010752095632E-01
1186 5.129442136330E-01
1187 7.014101472218E-01
1188 4.196189136162E-03
1189 -2.103388509377E-02
1190 4.787116851073E-03
1191 1.004897530343E+00
1192 9.849580744247E-01
1193 9.962108608050E-01
1194 1.208385765389E-04
1195 2.143559550931E-03
1196 7.357768195582E-04
1197 1.034610443042E+00
1198 3.685788851139E-01
1199 7.344431091562E-01
1200 -3.020889271408E-03
1201 -2.179011333746E-03
1202 1.111636288111E-03
1203 7.585159887093E-01
1204 9.730577663590E-01
1205 1.002870531535E+00
1206 -1.200103898506E-04
1207 -3.734509339055E-03
1208 -5.249673475650E-04
1209 1.021028416334E+00
1210 5.943502531841E-01
1211 7.142456623193E-01
1212 -8.483551292799E-04
1213 4.796183876278E-04
1214 -3.852571329498E-04
1215 9.937318655422E-01
1216 1.030076066731E+00
1217 9.886388916581E-01
1218 3.224284575675E-03
1219 -2.259026287991E-03
1220 -3.102914553781E-03
1221 9.893559097692E-01
1222 9.882933267326E-01
1223 1.043103901208E+00
1224 8.221755310818E-04
1225 -5.291855462024E-03
1226 1.061372505792E-03
1227 9.944134082180E-01
1228 1.080139687246E+00
1229 9.911168166705E-01
1230 9.239268762409E-03
1231 -1.895563229256E-03
1232 2.100084374768E-03
1233 2.667677471408E-01
1234 5.981730476260E-01
1235 9.084429434443E-01
1236 7.893195795487E-03
1237 -8.334200557433E-03
1238 3.094601754057E-03
1239 1.034214115682E+00
1240 1.040393860654E+00
1241 9.570694315907E-01
1242 8.348472626526E-04
1243 -1.130265471334E-03
1244 -4.436291262488E-04
1245 1.002924651178E+00
1246 9.998612871203E-01
1247 9.785814033119E-01
1248 1.209362980287E-03
1249 -1.571901702420E-03
1250 -1.295899952597E-03
1251 1.029569629013E+00
1252 9.614509659102E-01
1253 1.026207734301E+00
1254 4.679814427518E-03
1255 -1.898996487787E-03
1256 -3.157076238512E-03
1257 9.996596169667E-01
1258 1.000487396104E+00
1259 9.897562062990E-01
1260 -6.668416700394E-05
1261 -1.543566684020E-03
1262 6.963469537044E-05
1263 1.572106643090E-03
1264 1.023725092981E+00
1265 2.072952402231E-03
1266 -2.976984275958E-03
1267 -6.557724076854E-04
1268 3.402231436275E-03
1269 9.887678475278E-01
1270 9.724910391163E-01
1271 1.002363781899E+00
1272 3.804560644467E-05
1273 -1.230251972056E-03
1274 1.310834827410E-04
1275 1.041127561565E+00
1276 6.748287565411E-01
1277 1.019413325049E+00
1278 2.855214239979E-06
1279 -3.180542374800E-03
1280 2.434968650035E-03
1281 1.000857516311E+00
1282 1.079719496027E+00
1283 9.815966524622E-01
1284 -4.402059542806E-04
1285 8.840615702504E-04
1286 5.866121222034E-04
1287 9.803442747509E-01
1288 1.023926899788E+00
1289 1.003769539391E+00
1290 -7.823370990146E-04
1291 6.919008006037E-04
1292 -5.585373930205E-04
1293 1.027548949785E+00
1294 1.000217644734E+00
1295 1.015809520244E+00
1296 -2.946957325305E-04
1297 3.442435899803E-04
1298 -4.713107947246E-04
1299 1.042686076744E+00
1300 6.844288024125E-01
1301 1.019713697300E+00
1302 2.609834607234E-03
1303 -6.704524005457E-04
1304 -1.952602076825E-03
1305 1.005396377641E+00
1306 1.024901344206E+00
1307 9.950545878032E-01
1308 3.035702982697E-05
1309 3.602171454540E-09
1310 1.734869759061E-03
1311 9.020292618027E-01
1312 1.825210521128E-01
1313 9.113490880460E-01
1314 -1.241672858535E-03
1315 9.785975194765E-04
1316 5.062874947978E-05
1317 7.313479949550E-01
1318 2.253486471789E-01
1319 7.314939510533E-01
1320 9.971747245002E-06
1321 1.017755913962E-05
1322 -1.356056140012E-05
1323 6.464587225639E-01
1324 9.527295654690E-02
1325 6.464599481997E-01
1326 4.015291797634E-04
1327 5.534650319098E-03
1328 9.117926892263E-05
1329 7.085468466340E-01
1330 2.930991733639E-01
1331 1.035885370312E+00
1332 3.296752717757E-04
1333 -1.713472918138E-02
1334 9.175388442204E-04
1335 1.112404947060E+00
1336 2.815688442466E-01
1337 1.025101693526E+00
1338 -3.976062401821E-03
1339 2.383804239786E-02
1340 -7.982932854549E-03
1341 9.803363064703E-01
1342 1.040876036975E+00
1343 9.970985233629E-01
1344 2.129108011956E-06
1345 -2.996777033507E-03
1346 -5.208931984779E-04
1347 9.918620825842E-01
1348 3.402299120914E-01
1349 6.875688485132E-01
1350 -5.351217561818E-03
1351 -3.868495204962E-04
1352 4.461030472563E-04
1353 7.762226962951E-01
1354 1.013519601313E+00
1355 1.005645581016E+00
1356 4.994360474492E-04
1357 1.378671443958E-03
1358 5.238331577501E-04
1359 9.908996096685E-01
1360 1.137913921234E+00
1361 9.890816468932E-01
1362 -2.073871839027E-03
1363 3.390335491539E-04
1364 -1.106660025591E-04
1365 1.019437790971E+00
1366 1.101411862199E+00
1367 1.054960347733E+00
1368 -3.770376898761E-03
1369 1.648829479233E-03
1370 7.319878041760E-03
1371 9.812153726959E-01
1372 1.070216189093E+00
1373 5.763379609019E-01
1374 2.983435373869E-04
1375 2.444755452654E-03
1376 1.248532831852E-04
1377 3.096828916442E-01
1378 2.673848229509E-01
1379 1.012230761790E+00
1380 3.602171454540E-09
1381 3.602171454540E-09
1382 -2.681240449378E-03
1383 1.002601588173E+00
1384 7.313757186191E-01
1385 1.037952994569E+00
1386 -9.309478795594E-04
1387 2.436877465428E-03
1388 3.067177447702E-03
1389 1.016260763826E+00
1390 9.358618525899E-01
1391 4.627079701523E-01
1392 3.149593593515E-04
1393 2.145853062146E-03
1394 2.124382258635E-05
1395 4.030748585495E-01
1396 4.918198766544E-01
1397 1.013234397601E+00
1398 1.789660197875E-03
1399 -1.643924741200E-02
1400 -4.313802743553E-04
1401 9.965681535198E-01
1402 1.045945173144E+00
1403 9.940522322950E-01
1404 -1.729887398277E-03
1405 -1.082122774427E-02
1406 -2.339462723181E-03
1407 1.051380366863E+00
1408 1.048249278996E+00
1409 1.014280183232E+00
1410 -2.642417176602E-04
1411 2.116532509112E-03
1412 6.217260513900E-04
1413 1.016715670525E+00
1414 5.097967825358E-01
1415 3.986653583422E-01
1416 1.712333662494E-03
1417 3.752644019739E-03
1418 1.156591150698E-03
1419 5.114354411501E-01
1420 9.101355998423E-01
1421 1.005651351535E+00
1422 1.053993678265E-03
1423 -2.045399932753E-02
1424 1.966558270893E-03
1425 1.012871458480E+00
1426 1.024159067665E+00
1427 9.951053046018E-01
1428 -6.290634488172E-05
1429 2.192256468243E-03
1430 5.054628720614E-04
1431 1.026247993329E+00
1432 2.789489214355E-01
1433 2.748695674932E-01
1434 -2.349580307361E-04
1435 -2.698019303773E-03
1436 4.867187592829E-04
1437 1.151030480722E+00
1438 3.030478277631E-01
1439 2.789590193797E-02
1440 1.245633232859E-04
1441 3.602171454540E-09
1442 5.462242483649E-04
1443 9.722796321843E-01
1444 3.613278297929E-01
1445 9.789005624353E-01
1446 4.094257719322E-03
1447 -1.458646571587E-02
1448 4.414608718878E-03
1449 1.070923291590E+00
1450 8.125796095960E-01
1451 1.041975538651E+00
1452 1.161275874186E-04
1453 4.806027495548E-04
1454 -1.197586484760E-03
1455 1.080108418127E+00
1456 7.876135887215E-01
1457 1.088553790323E+00
1458 1.765593472182E-03
1459 3.602171454540E-09
1460 2.455759674513E-03
1461 9.586838021546E-01
1462 4.574644252741E-01
1463 9.958307885460E-01
1464 2.143299668592E-03
1465 1.737356122438E-04
1466 1.261793687678E-03
1467 4.512633990781E-01
1468 1.047222615604E+00
1469 1.012110475434E+00
1470 -4.282501053746E-03
1471 8.147536001215E-03
1472 1.037414482708E-02
1473 1.044005842492E+00
1474 9.587910573010E-01
1475 9.966298925273E-01
1476 2.113454294013E-02
1477 2.315699587698E-03
1478 -1.292451947054E-04
1479 1.888974040200E-01
1480 6.514784674797E-01
1481 9.908298248914E-01
1482 7.511470762210E-04
1483 -3.482100613800E-04
1484 3.367247597620E-04
1485 9.999307144732E-01
1486 1.036437489451E+00
1487 9.623526263208E-01
1488 -3.060487117086E-03
1489 2.554084103658E-03
1490 -2.970849869139E-03
1491 9.856566383065E-01
1492 9.460526500345E-01
1493 5.761411551615E-01
1494 -7.665524997234E-04
1495 -1.891144396866E-03
1496 1.178285274425E-04
1497 3.976927237395E-01
1498 3.037061870270E-01
1499 1.070632184218E+00
1500 3.913334250422E-04
1501 -2.739699060416E-03
1502 8.627489138915E-04
1503 9.783962679857E-01
1504 9.078190245561E-01
1505 9.746681860202E-01
1506 -7.034770026738E-04
1507 2.468924664728E-05
1508 -9.929736344531E-04
1509 9.886651566489E-01
1510 4.690461918930E-01
1511 4.268686245694E-01
1512 2.350799174633E-03
1513 1.001460367294E-02
1514 1.142136574284E-03
1515 1.032596448230E+00
1516 9.393895744819E-01
1517 1.001856619379E+00
1518 3.464121898096E-03
1519 1.180200120382E-02
1520 1.539179319435E-03
1521 1.007480902070E+00
1522 1.091431766323E+00
1523 1.048090209364E+00
1524 -2.166862431915E-03
1525 -4.135072305996E-04
1526 6.124563990453E-04
1527 4.360376796682E-01
1528 5.447547917311E-01
1529 1.022199375626E+00
1530 -2.836816006612E-04
1531 -1.595672007549E-03
1532 -2.984238349345E-04
1533 1.039444284597E+00
1534 2.677609607019E-01
1535 3.890327429906E-01
1536 2.777544237840E-05
1537 -6.194681566265E-03
1538 1.530242694889E-03
1539 9.623250292208E-01
1540 1.045799167347E+00
1541 1.004201605035E+00
1542 5.668937555627E-03
1543 7.438780153859E-03
1544 -4.720633743779E-04
1545 1.005952401784E+00
1546 9.987955390614E-01
1547 1.027706089345E+00
1548 -9.110294496100E-05
1549 1.629706611225E-03
1550 2.118378983318E-02
1551 1.040577811371E+00
1552 6.431927317817E-01
1553 1.876528059511E-01
1554 -6.957201094523E-03
1555 3.599742629633E-03
1556 1.941906288210E-03
1557 4.567372949881E-01
1558 9.739652373177E-01
1559 1.059552199789E+00
1560 -8.783394755169E-04
1561 -2.020684104987E-03
1562 1.094663273358E-02
1563 1.053936604934E+00
1564 6.631274726183E-01
1565 9.702404507333E-02
1566 6.734271712929E-03
1567 3.602171454540E-09
1568 3.602171454540E-09
1569 9.667185382251E-01
1570 6.944754449158E-01
1571 1.036186329107E+00
1572 3.602171454540E-09
1573 3.602171454540E-09
1574 -5.135244580172E-03
1575 1.109073046727E+00
1576 4.900136677043E-01
1577 1.036724869578E+00
1578 1.419437410379E-02
1579 8.352029298864E-03
1580 5.480395963104E-03
1581 9.148603548713E-01
1582 9.357789751320E-01
1583 9.705301599863E-01
1584 -1.169645727009E-03
1585 8.066144310180E-04
1586 1.194208372163E-03
1587 3.961604612047E-03
1588 5.696933490459E-01
1589 -2.150284941534E-02
1590 1.906144912067E-04
1591 -3.112837971736E-03
1592 2.566500052613E-04
1593 9.757612997515E-01
1594 7.412490150462E-01
1595 9.621237028278E-01
1596 -3.258528678111E-04
1597 -1.172879855360E-03
1598 -9.031156664616E-04
1599 9.901412322019E-01
1600 9.601820933162E-01
1601 1.004521444245E+00
1602 5.038532136989E-03
1603 -1.037553786118E-03
1604 -3.465209987569E-03
1605 9.429699234491E-01
1606 9.958166272848E-01
1607 9.402017165548E-01
1608 -4.630560298196E-04
1609 -1.707265809321E-04
1610 4.552168201126E-04
1611 3.811875716334E-03
1612 1.002293616487E+00
1613 7.255262410362E-03
1614 -2.360472925114E-03
1615 1.259573227060E-03
1616 2.557376364399E-03
1617 9.627602574784E-01
1618 9.415450254143E-01
1619 9.703188658728E-01
1620 -4.262412260859E-04
1621 4.487426999327E-05
1622 6.324434060736E-04
1623 9.667824855055E-01
1624 7.695781578107E-01
1625 1.009021750125E+00
1626 4.802930587830E-04
1627 2.755528395770E-03
1628 -3.817763482357E-03
1629 1.006991963945E+00
1630 1.050630408150E+00
1631 9.763683921634E-01
1632 1.104190266895E-03
1633 -1.264010834051E-03
1634 -1.217846377712E-03
1635 8.054625002163E-03
1636 6.175443788918E-01
1637 1.338828590646E-02
1638 -3.057146805064E-03
1639 3.270987918870E-03
1640 2.451820731387E-03
1641 1.060872629930E+00
1642 7.470999232360E-01
1643 1.074578415735E+00
1644 2.738999901261E-03
1645 3.602171454540E-09
1646 3.602171454540E-09
1647 9.761682236285E-01
1648 6.099740700238E-01
1649 9.976644177566E-01
1650 1.343764801473E-02
1651 -1.218637048341E-03
1652 3.283545412189E-04
1653 4.239206113896E-02
1654 2.987422164484E-01
1655 9.987911997012E-01
1656 3.533965322009E-03
1657 -5.006944050120E-03
1658 -3.899848485245E-03
1659 1.180008424831E+00
1660 7.323240349633E-01
1661 1.099324415652E+00
1662 -2.940548920004E-03
1663 2.597940469401E-03
1664 6.478544684445E-03
1665 1.070783929187E+00
1666 8.559438703247E-01
1667 8.082785360092E-01
1668 3.299550396668E-04
1669 3.205127581872E-03
1670 1.650678709645E-05
1671 5.974140505302E-01
1672 2.857485048542E-01
1673 9.841640228832E-01
1674 -4.109864541843E-04
1675 -1.311533355607E-02
1676 -5.673510534133E-04
1677 1.006671903309E+00
1678 4.203787665319E-01
1679 9.698668717664E-01
1680 -1.243008418452E-04
1681 3.689111963324E-03
1682 5.078201347928E-04
1683 9.896055118406E-01
1684 3.127684085868E-01
1685 6.321198759296E-01
1686 2.821024960105E-03
1687 2.267223457830E-03
1688 1.841128715637E-03
1689 6.449704055506E-01
1690 7.554005716253E-01
1691 8.889291332395E-01
1692 -2.086767094834E-03
1693 -4.316258346151E-03
1694 2.192785618053E-03
1695 1.073159119558E+00
1696 4.873567884355E-01
1697 9.562981537663E-01
1698 -6.404345464897E-04
1699 -8.501302546004E-04
1700 1.531250229647E-02
1701 1.093581090203E+00
1702 4.134394513539E-01
1703 7.543030266950E-02
1704 3.602171454540E-09
1705 3.602171454540E-09
1706 -1.251731808847E-03
1707 8.807039368028E-01
1708 4.676751536392E-01
1709 9.862220205257E-01
1710 9.815088130307E-03
1711 -7.919229200443E-04
1712 1.322688837986E-04
1713 5.707754042009E-01
1714 6.779169863416E-01
1715 1.032355452628E+00
1716 -3.885032011486E-05
1717 -2.018788688813E-03
1718 4.030846865979E-04
1719 9.777555832244E-01
1720 4.942186584601E-01
1721 9.542060637176E-01
1722 -6.898506957782E-04
1723 -1.242307710626E-04
1724 -5.623596740394E-04
1725 1.053977809801E+00
1726 2.965549645670E-01
1727 6.121399353711E-01
1728 1.767004390163E-03
1729 1.269069748947E-02
1730 -5.029553170474E-04
1731 9.789556240502E-01
1732 5.591328322223E-01
1733 1.037784959179E+00
1734 -1.069620086353E-04
1735 -6.275513817360E-04
1736 1.131912306459E-02
1737 1.050447540993E+00
1738 6.471223247106E-01
1739 5.812711182774E-01
1740 -2.284836386442E-03
1741 -4.180500670284E-05
1742 4.423668740108E-04
1743 6.018999629262E-01
1744 4.081979420972E-01
1745 1.155055461896E+00
1746 2.792370589474E-04
1747 3.602171454540E-09
1748 3.602171454540E-09
1749 9.641467516426E-01
1750 4.805838607984E-01
1751 1.039365973158E+00
1752 7.809383248021E-05
1753 3.602171454540E-09
1754 5.474591694906E-04
1755 9.348369353052E-01
1756 4.934018946972E-01
1757 9.826703747171E-01
1758 2.647110911725E-03
1759 2.226869241447E-03
1760 7.850784647284E-04
1761 7.224763233383E-01
1762 3.017181956132E-01
1763 7.667003327786E-01
1764 3.883198152988E-06
1765 1.773532495726E-04
1766 -1.157582789389E-05
1767 3.187496217048E-03
1768 4.279810634833E-02
1769 -3.071604441806E-03
1770 -1.339862611899E-03
1771 2.585994554238E-03
1772 -1.007427798294E-03
1773 7.848670889418E-01
1774 2.795146012145E-01
1775 8.188484977904E-01
1776 2.675552092084E-03
1777 3.602171454540E-09
1778 1.098518180047E-03
1779 9.687183755459E-01
1780 5.185230293361E-01
1781 8.816853097343E-01
1782 -2.430370564256E-04
1783 2.563404109946E-03
1784 2.670201876622E-04
1785 3.520322033636E-02
1786 2.512983869492E-01
1787 1.051616518313E+00
1788 3.960299963776E-04
1789 -1.374522747416E-02
1790 6.194718850288E-04
1791 9.038770976321E-01
1792 2.215928483116E-01
1793 8.595749631454E-01
1794 -4.836674341690E-04
1795 2.567751463301E-03
1796 1.797712137411E-03
1797 1.119793672573E+00
1798 3.347980515597E-01
1799 3.292971753654E-02
1800 1.059326960835E-03
1801 3.602171454540E-09
1802 3.175104292415E-04
1803 9.702858441224E-01
1804 2.091184519423E-01
1805 9.931585040696E-01
